0.334378
0.328496
0.323614
0.341358
0.322269
0.333522
0.334178
0.368344
0.323082
0.344296
0.324654
0.299366
0.332681
0.383889
0.351054
0.354385
0.332618
0.325508
0.382555
0.342421
0.326005
0.470438
0.312743
0.390720
0.390691
0.327843
0.332653
0.335268
0.288194
0.321938
0.425682
0.366410
0.330253
0.399049
0.392193
0.387836
0.387210
0.360920
0.372402
0.381233
0.400011
0.400621
0.448983
0.386113
0.363636
0.362690
0.363784
0.409715
0.401483
0.345574
0.349919
0.357290
0.370217
0.381572
0.427977
0.387369
0.368033
0.375354
0.413372
0.416423
0.364760
0.382043
0.297852
0.296656
0.315660
0.344286
0.296387
0.316722
0.284268
0.334281
0.339626
0.365912
0.360338
0.465516
0.470586
0.551992
0.466728
0.464061
0.559749
0.563042
0.425378
0.399244
0.381862
0.317785
0.346054
0.395552
0.349596
0.321609
0.338807
0.361643
0.374671
0.358597
0.343843
0.516518
0.463294
0.219510
0.237868
0.378232
0.580865
0.361546
0.311595
0.318539
0.396920
0.462971
0.326614
0.317620
0.346211
0.292834
0.345160
0.333625
0.327271
0.469667
0.262828
0.349283
0.339031
0.334709
0.352709
0.280516
0.298084
0.324006
0.311515
0.267915
0.274158
0.355795
0.409647
0.255583
0.351547
0.336949
0.351547
0.323276
0.348236
0.373262
0.334796
0.353656
0.298924
0.341285
0.333243
0.318539
0.319803
0.320920
0.204366
0.322136
0.338526
0.300888
0.338501
0.265409
0.395311
0.302178
0.314156
0.307128
0.370217
0.347197
0.347197
0.398937
0.363765
0.330647
0.266288
0.306663
0.285133
0.363289
0.330124
0.345536
0.277552
0.311476
0.315521
0.265342
0.353267
0.417887
0.458378
0.415929
0.369395
0.361253
0.335496
0.292903
0.415571
0.312670
0.318870
0.425182
0.354771
0.353280
0.363086
0.422528
0.319343
0.297038
0.168907
0.308731
0.270046
0.251994
0.270695
0.289469
0.317026
0.301628
0.337442
0.271962
0.308326
0.304472
0.268313
0.285714
0.343008
0.293810
0.293025
0.328027
0.328896
