0.247348
0.111687
0.145736
0.204015
0.292701
0.193602
0.338724
0.310811
0.206367
0.135863
0.175584
0.174984
0.155628
0.296003
0.361405
0.443883
0.431058
0.405195
0.141132
0.275129
0.171887
0.316875
0.234229
0.119773
0.410005
0.239602
0.237616
0.236756
0.227317
0.244177
0.155823
0.257006
0.256102
0.173361
0.201396
0.226130
0.208864
0.273772
0.329641
0.324371
0.354564
0.352807
0.357681
0.256838
0.152198
0.122983
0.123853
0.355270
0.232977
0.338992
0.208297
0.214298
0.160712
0.142496
0.329172
0.440196
0.214160
0.162353
0.220435
0.234482
0.232087
0.172594
0.212277
0.256038
0.322734
0.181005
0.188737
0.164128
0.111107
0.158976
0.169019
0.158093
0.181487
0.155172
0.156862
0.093709
0.162370
0.154687
0.163900
0.158148
0.383311
0.167475
0.193567
0.265685
0.187557
0.126253
0.194919
0.163521
0.190325
0.192917
0.222445
0.178255
0.189120
0.159530
0.170786
0.171728
0.467525
0.343857
0.242034
0.240929
0.232669
0.341433
0.249237
0.349246
0.349247
0.326809
0.258503
0.273932
0.239658
0.332229
0.330527
0.238119
0.249161
0.259484
0.182288
0.143452
0.181192
0.141362
0.135850
0.247272
0.214297
0.209315
0.211892
0.197990
0.119029
0.121087
0.269538
0.242939
0.355315
0.312721
0.154434
0.121873
0.148348
0.156516
0.150606
0.218571
0.195593
0.206034
0.242061
0.123192
0.090589
0.132726
0.139497
0.179109
0.126352
0.081881
0.163249
0.157076
0.179037
0.239072
0.176308
0.263779
0.265201
0.270784
0.153348
0.143870
0.146569
0.192405
0.203152
0.235098
0.168824
0.185315
0.163799
0.150789
0.157949
0.157742
0.217565
0.194759
0.220336
0.160433
0.285874
0.246510
0.239272
0.178043
0.265536
0.218844
0.196494
0.258691
0.202228
0.181456
0.223584
0.280824
0.224160
0.188972
0.031183
0.288395
0.256551
0.173903
0.235062
0.292874
0.252939
0.243457
0.231563
0.294780
0.382718
0.286550
0.277317
0.228721
0.261764
0.340032
0.213400
0.354125
0.228735
