0.280427
0.328496
0.269380
0.292252
0.275455
0.305769
0.330733
0.351182
0.352884
0.298111
0.346184
0.299366
0.258542
0.331873
0.321491
0.283336
0.371811
0.276333
0.382555
0.342421
0.326005
0.424362
0.285027
0.390720
0.353242
0.260813
0.262880
0.253443
0.300903
0.369427
0.348888
0.366410
0.338571
0.417391
0.347532
0.342285
0.378084
0.357671
0.336993
0.431428
0.378248
0.378711
0.373653
0.442152
0.363636
0.304557
0.346725
0.409715
0.401483
0.300795
0.343058
0.350247
0.312030
0.381572
0.343548
0.371374
0.343072
0.355722
0.362585
0.391054
0.320604
0.373842
0.365891
0.273244
0.302607
0.372284
0.277545
0.221322
0.236422
0.270380
0.274713
0.382579
0.263253
0.465516
0.528568
0.522162
0.466728
0.464061
0.529532
0.532761
0.425378
0.399244
0.249347
0.317785
0.268648
0.466696
0.385955
0.335472
0.354102
0.346187
0.358597
0.261095
0.264332
0.480034
0.418088
0.178360
0.237868
0.379078
0.580865
0.303707
0.248985
0.281448
0.396920
0.404726
0.280705
0.323839
0.346211
0.292860
0.288116
0.306488
0.286670
0.325292
0.345269
0.349283
0.279619
0.289928
0.294273
0.280516
0.284350
0.339719
0.298085
0.267915
0.274158
0.349690
0.371467
0.274559
0.336949
0.336949
0.336949
0.309748
0.348236
0.353285
0.318220
0.349176
0.285728
0.341285
0.316196
0.318539
0.349541
0.308324
0.204366
0.309543
0.273589
0.286989
0.277799
0.300963
0.395311
0.288061
0.257639
0.307128
0.347005
0.347197
0.347197
0.398937
0.363765
0.224732
0.266288
0.306663
0.310199
0.351511
0.330124
0.337361
0.277552
0.311476
0.315521
0.236880
0.347790
0.351389
0.458378
0.461813
0.350686
0.326746
0.335496
0.292903
0.415571
0.312670
0.318870
0.355903
0.328125
0.278598
0.363086
0.353848
0.319343
0.297038
0.168907
0.267314
0.268933
0.235494
0.270695
0.278595
0.317026
0.301628
0.337442
0.271962
0.293372
0.304472
0.229173
0.273171
0.343008
0.347765
0.254802
0.328027
0.328896
