0.436406
0.136022
0.181877
0.261815
0.492461
0.243114
0.519531
0.434462
0.248202
0.173158
0.193339
0.073228
0.258542
0.548351
0.548244
0.645061
0.622674
0.405195
0.129658
0.306331
0.233603
0.444895
0.235575
0.146798
0.353242
0.268828
0.274473
0.275537
0.239659
0.277344
0.166087
0.514012
0.304434
0.117940
0.604188
0.178535
0.179180
0.241719
0.268595
0.547201
0.319621
0.318720
0.294434
0.272963
0.113451
0.245967
0.247705
0.557153
0.273438
0.313774
0.196283
0.200800
0.164846
0.176213
0.501953
0.564694
0.214160
0.241536
0.291382
0.204129
0.321208
0.178397
0.198568
0.299805
0.302803
0.210280
0.173568
0.147548
0.148143
0.188680
0.287549
0.316187
0.175502
0.232758
0.235293
0.140564
0.183811
0.232031
0.185781
0.237221
0.714716
0.216862
0.325000
0.257852
0.268648
0.121348
0.406738
0.176719
0.254675
0.248308
0.333282
0.261095
0.264332
0.153221
0.157950
0.219510
0.467525
0.465495
0.242034
0.240929
0.496528
0.577109
0.584048
0.349246
0.552569
0.313080
0.258503
0.261618
0.350423
0.332229
0.330527
0.610937
0.244307
0.246016
0.291680
0.203467
0.301416
0.280516
0.280516
0.323300
0.309028
0.322182
0.333414
0.285120
0.224461
0.247346
0.117909
0.282977
0.290791
0.300445
0.192861
0.243746
0.230852
0.248306
0.247844
0.282554
0.232806
0.258274
0.255592
0.194492
0.153286
0.181301
0.054870
0.250010
0.197266
0.067134
0.213357
0.082733
0.170209
0.253441
0.190037
0.262756
0.262756
0.302924
0.272692
0.254791
0.144275
0.259333
0.091063
0.376731
0.085353
0.095639
0.076650
0.081694
0.090311
0.096573
0.095923
0.253099
0.220336
0.189687
0.227529
0.337183
0.285047
0.093888
0.114670
0.098066
0.158345
0.225527
0.070038
0.099372
0.266613
0.302927
0.310163
0.071024
0.086746
0.303141
0.264670
0.139952
0.172336
0.229013
0.257297
0.212504
0.225564
0.379351
0.401076
0.462713
0.252276
0.211534
0.285116
0.358724
0.365465
0.338949
0.235880
