0.362101
0.113761
0.174297
0.316116
0.367226
0.293456
0.346130
0.419930
0.301090
0.169616
0.202685
0.221396
0.121892
0.356365
0.388745
0.463221
0.431717
0.384905
0.125953
0.315178
0.261604
0.474970
0.268268
0.266701
0.455382
0.269509
0.308787
0.297342
0.282030
0.396170
0.304737
0.374874
0.350224
0.229531
0.328760
0.371329
0.311530
0.386020
0.432929
0.440623
0.421745
0.418544
0.405474
0.386391
0.250937
0.250183
0.228162
0.424558
0.333939
0.446815
0.355079
0.370103
0.280770
0.227293
0.418654
0.426095
0.386580
0.295081
0.327253
0.352417
0.376285
0.322498
0.347099
0.371431
0.380833
0.301672
0.268890
0.288271
0.246646
0.284211
0.264036
0.256789
0.230829
0.197964
0.223153
0.215517
0.212244
0.180798
0.241888
0.201021
0.386412
0.181849
0.134108
0.156615
0.258227
0.276177
0.256555
0.180748
0.209999
0.237792
0.255291
0.234689
0.224619
0.308771
0.303144
0.129321
0.467525
0.258193
0.287337
0.329250
0.257177
0.388243
0.379104
0.331455
0.310905
0.347468
0.374953
0.375592
0.212786
0.212956
0.227655
0.203107
0.200575
0.187938
0.168281
0.196455
0.204681
0.153462
0.184927
0.192412
0.181187
0.189265
0.182651
0.204201
0.211214
0.132699
0.237912
0.207368
0.255238
0.329691
0.156402
0.166449
0.149718
0.165937
0.157784
0.188944
0.177875
0.171013
0.253666
0.122599
0.100050
0.142627
0.120151
0.149135
0.147731
0.112813
0.144890
0.139561
0.159229
0.185838
0.176166
0.223115
0.207035
0.206894
0.170608
0.136166
0.207196
0.175890
0.137629
0.185748
0.157951
0.161734
0.136861
0.120483
0.125601
0.127145
0.163321
0.211051
0.227082
0.213006
0.227175
0.143424
0.251282
0.114292
0.138043
0.154115
0.157293
0.264459
0.132747
0.140142
0.217800
0.227439
0.187359
0.117249
0.020560
0.321087
0.279152
0.206157
0.218075
0.300877
0.231811
0.235012
0.270647
0.350560
0.376041
0.446846
0.290106
0.273672
0.297969
0.358912
0.349686
0.375539
0.220309
