0.319794
0.278152
0.292189
0.852147
0.310639
0.445594
0.350805
0.281307
0.358987
0.452930
0.469612
0.347095
0.261506
0.508400
0.924108
0.821795
0.830231
0.410211
0.018041
0.400296
0.456719
0.304014
0.904276
0.365255
0.278987
0.240312
0.525653
0.516532
0.204754
0.347934
0.382535
0.244126
0.331940
0.412299
0.421648
0.487955
0.433373
0.393778
0.377249
0.326271
0.305687
0.728409
0.470657
0.418166
0.371035
0.318775
0.297263
0.765252
0.839271
0.282478
0.384924
0.372600
0.416484
0.437987
0.420233
0.267505
0.294148
0.419445
0.279508
0.194440
0.365878
0.382943
0.371409
0.515254
0.391287
0.458656
0.551596
0.490095
0.864377
0.285325
0.536830
0.420168
0.812556
0.405512
0.402833
0.404513
0.397900
0.337743
0.292123
0.398503
0.269680
0.249695
0.228873
0.298557
0.369666
0.390344
0.364883
0.198918
0.291376
0.376435
0.373201
0.362428
0.299925
0.862766
0.879276
0.087084
0.582861
0.420908
0.290387
0.281151
0.097673
0.175323
0.435778
0.610594
0.468320
0.642678
0.195546
0.812533
0.663815
0.362486
0.461470
0.793715
0.686445
0.873918
0.637031
0.959840
0.392320
0.414169
0.458929
0.448495
0.462418
0.563030
0.865843
0.437334
0.440064
0.324669
0.271625
0.246328
0.259978
0.404331
0.350222
0.411596
0.258609
0.333869
0.349810
0.417371
0.382934
0.375079
0.318223
0.201949
0.223203
0.308575
0.283154
0.319437
0.382084
0.224416
0.291612
0.249025
0.712462
0.467946
0.523460
0.595852
0.595852
0.336149
0.368727
0.326170
0.287490
0.318903
0.212747
0.362490
0.483574
0.355471
0.276023
0.223112
0.496495
0.337102
0.521090
0.873992
0.739411
0.766525
0.380910
0.246291
0.883721
0.260836
0.358842
0.378217
0.416823
0.342189
0.474226
0.275001
0.321847
0.246417
0.476785
0.303618
0.000000
0.299104
0.638876
0.538854
0.559793
0.286129
0.529252
0.510981
0.362171
0.206510
0.103405
0.026458
0.482391
0.286388
0.312344
0.212949
0.000000
0.298102
0.057895
