0.390250
0.272536
0.311408
0.852147
0.310639
0.445594
0.350805
0.464336
0.358987
0.346211
0.469612
0.347095
0.261506
0.508400
0.924108
0.497645
0.513895
0.410211
0.016008
0.403005
0.363837
0.304014
0.904276
0.365255
0.278987
0.409634
0.507324
0.498928
0.204754
0.347934
0.409889
0.244126
0.331940
0.412299
0.360555
0.435848
0.565014
0.409470
0.434041
0.287097
0.396656
0.543586
0.415809
0.409264
0.371035
0.270718
0.312559
0.779818
0.719030
0.295399
0.384924
0.365731
0.380167
0.383525
0.332557
0.263409
0.305532
0.424746
0.186339
0.209158
0.365878
0.382943
0.377513
0.515254
0.391287
0.362482
0.420016
0.515471
0.514964
0.309755
0.529403
0.338751
0.494802
0.270341
0.402833
0.281711
0.397900
0.236760
0.292123
0.398503
0.269680
0.258168
0.211619
0.227285
0.369666
0.390344
0.364883
0.205806
0.291376
0.376435
0.303471
0.362428
0.285896
0.862766
0.879276
0.117305
0.582861
0.420908
0.270900
0.214044
0.220092
0.364754
0.537072
0.610594
0.468320
0.642678
0.410083
0.674736
0.746023
0.362486
0.461470
0.793715
0.731532
0.873918
0.720281
0.744302
0.403401
0.414169
0.458929
0.448495
0.346814
0.563030
0.865843
0.437334
0.440064
0.324669
0.397072
0.246328
0.259978
0.411941
0.271660
0.290963
0.206887
0.250401
0.262357
0.237811
0.376920
0.375079
0.318223
0.169372
0.223203
0.194298
0.282383
0.319437
0.378309
0.224416
0.310014
0.254499
0.712462
0.467946
0.523460
0.595852
0.595852
0.307174
0.293886
0.326170
0.281430
0.318903
0.193410
0.282988
0.352638
0.374055
0.276023
0.223112
0.361219
0.337102
0.521090
0.873992
0.739411
0.766525
0.331179
0.231533
0.525816
0.235652
0.358842
0.378217
0.378564
0.342189
0.241919
0.275001
0.321847
0.246417
0.509976
0.303618
0.000000
0.363219
0.456449
0.397395
0.521263
0.283410
0.395975
0.379809
0.368899
0.206510
0.103405
0.361933
0.482391
0.210047
0.230905
0.163800
0.185947
0.283717
0.058764
