0.479691
0.453867
0.452087
0.852147
0.895228
0.891188
0.347561
0.697869
0.939409
0.438438
0.448675
0.265077
0.442099
0.924028
0.924108
0.821795
0.830231
0.654476
0.016002
0.471889
0.456719
0.693909
0.904276
0.834355
0.763040
0.582838
0.545362
0.514039
0.644164
0.010978
0.794589
0.366189
0.878001
0.279698
0.421648
0.903328
0.709264
0.439560
0.953764
0.733871
0.737936
0.705819
0.327541
0.350160
0.815385
0.462342
0.421509
0.781854
0.839271
0.173360
0.458459
0.421991
0.416484
0.437987
0.840467
0.888353
0.496124
0.449236
0.279508
0.236400
0.905346
0.955699
0.424427
0.861129
0.456013
0.458656
0.833125
0.867501
0.864377
0.760269
0.889383
0.420168
0.812556
0.405512
0.402833
0.404513
0.397900
0.337743
0.416028
0.398503
0.399830
0.869185
0.457746
0.442057
0.464501
0.470361
0.921969
0.321264
0.493776
0.481481
0.470839
0.454680
0.943988
0.862766
0.879276
0.039515
0.582861
0.420908
0.290387
0.421726
0.155389
0.175323
0.180685
0.946242
0.884192
0.642678
0.195546
0.812533
0.674852
0.345194
0.352448
0.793715
0.686445
0.873918
0.637031
0.959840
0.890019
0.828338
0.458929
0.431390
0.460586
0.836203
0.865843
0.836630
0.440064
0.410289
0.619471
0.584531
0.584531
0.417858
0.880324
0.469669
0.871528
0.819804
0.911246
0.325419
0.881100
0.855469
0.802595
0.379710
0.437681
0.902500
0.050152
0.322541
0.335321
0.856021
0.176838
0.898798
0.920191
0.860750
0.604307
0.850543
0.850543
0.433405
0.449633
0.828559
0.742744
0.823780
0.000000
0.326618
0.853047
0.881917
0.851276
0.811232
0.911541
0.465361
0.933370
0.873992
0.739411
0.766525
0.815849
0.457404
0.883721
0.863894
0.932132
0.136579
0.854460
0.809684
0.800484
0.400510
0.460094
0.142408
0.885479
0.414286
0.000000
0.590604
0.923202
0.702348
0.806871
0.120967
0.917659
0.740741
0.706336
0.000000
0.184882
0.026458
0.848751
0.620459
0.052977
0.000000
0.000000
0.709542
0.010720
