0.280427
0.328496
0.269380
0.261815
0.246230
0.243114
0.330733
0.298308
0.248202
0.253227
0.324654
0.255847
0.258542
0.274175
0.274122
0.249227
0.238865
0.276333
0.382555
0.216211
0.326005
0.424362
0.235575
0.222179
0.353242
0.260813
0.190606
0.275537
0.300903
0.192600
0.249131
0.257006
0.211412
0.359451
0.302094
0.267803
0.293313
0.241719
0.268595
0.273600
0.321099
0.320197
0.294434
0.272963
0.363636
0.304557
0.300847
0.409715
0.401483
0.287610
0.300318
0.304117
0.247269
0.264319
0.250977
0.348449
0.343072
0.355722
0.362585
0.306193
0.163540
0.267595
0.297852
0.208198
0.210280
0.210280
0.180800
0.221322
0.222215
0.207500
0.240363
0.209180
0.263253
0.366667
0.284378
0.281128
0.367622
0.280436
0.285071
0.286709
0.425378
0.285669
0.182812
0.257852
0.196963
0.242695
0.349596
0.314167
0.330097
0.248308
0.334682
0.261095
0.193799
0.288086
0.291455
0.178360
0.173424
0.268839
0.388428
0.303707
0.248264
0.318539
0.396920
0.372973
0.276285
0.289412
0.233789
0.238047
0.191243
0.280117
0.286670
0.221770
0.251084
0.252442
0.216416
0.244815
0.268333
0.280516
0.280516
0.248867
0.236191
0.267915
0.274158
0.349690
0.371467
0.210526
0.336949
0.336949
0.336949
0.282458
0.348236
0.200679
0.266663
0.286163
0.283338
0.341285
0.316196
0.318539
0.319803
0.239997
0.204366
0.230806
0.273589
0.286989
0.277799
0.237759
0.395311
0.288061
0.190430
0.186795
0.320503
0.347197
0.347197
0.398937
0.363765
0.224732
0.129697
0.306663
0.264226
0.351511
0.330124
0.337361
0.277552
0.311476
0.315521
0.236880
0.347790
0.197656
0.235645
0.237500
0.350686
0.326746
0.208222
0.292903
0.415571
0.312670
0.346337
0.216478
0.328125
0.278598
0.363086
0.422528
0.342873
0.297038
0.308731
0.157199
0.123843
0.092285
0.192665
0.185254
0.168001
0.278226
0.201503
0.293372
0.304472
0.184666
0.202148
0.205283
0.254020
0.214735
0.253394
0.328896
