0.436406
0.204033
0.269380
0.523629
0.492461
0.243114
0.519531
0.434462
0.248202
0.173158
0.193339
0.073228
0.258542
0.548351
0.548244
0.645061
0.622674
0.405195
0.129658
0.288016
0.233603
0.843498
0.471149
0.146798
0.353242
0.537656
0.548945
0.551074
0.327430
0.554688
0.249131
0.514012
0.608867
0.176910
0.604188
0.267803
0.268770
0.241719
0.537191
0.547201
0.319621
0.318720
0.294434
0.272963
0.113451
0.245967
0.247705
0.557153
0.546875
0.313774
0.196283
0.200800
0.247269
0.264319
0.501953
0.564694
0.214160
0.241536
0.291382
0.306193
0.321208
0.178397
0.198568
0.299805
0.302803
0.210280
0.173568
0.147548
0.222215
0.283020
0.287549
0.285311
0.263253
0.232758
0.235293
0.140564
0.183811
0.232031
0.185781
0.237221
0.714716
0.297725
0.325000
0.257852
0.537296
0.242695
0.406738
0.353438
0.254675
0.248308
0.666563
0.261095
0.528664
0.288086
0.291455
0.219510
0.467525
0.465495
0.242034
0.240929
0.496528
0.577109
0.584048
0.349246
0.552569
0.595461
0.467578
0.476094
0.275391
0.280117
0.286670
0.610937
0.488613
0.492031
0.291680
0.302865
0.301416
0.280516
0.280516
0.323300
0.309028
0.322182
0.333414
0.198069
0.212407
0.243753
0.117909
0.040686
0.056314
0.576729
0.504928
0.135876
0.533326
0.572327
0.566089
0.117678
0.516270
0.264238
0.473958
0.253709
0.204366
0.230806
0.054870
0.573978
0.555597
0.046552
0.276253
0.056343
0.145862
0.524864
0.324148
0.352030
0.352030
0.275612
0.263457
0.449465
0.180135
0.100463
0.091063
0.114423
0.075976
0.069500
0.066447
0.114461
0.108380
0.081145
0.125425
0.351389
0.229576
0.237500
0.252601
0.156690
0.570093
0.062543
0.130019
0.134174
0.152482
0.311729
0.066863
0.099372
0.094552
0.064494
0.272822
0.071024
0.000000
0.303141
0.314399
0.172797
0.265781
0.229013
0.257297
0.241699
0.253472
0.379351
0.401076
0.462713
0.319580
0.211534
0.285116
0.358724
0.365465
0.338949
0.264676
