0.247348
0.086744
0.161535
0.204015
0.292701
0.193602
0.338724
0.400089
0.217194
0.135285
0.155438
0.172187
0.122477
0.255770
0.361405
0.443883
0.431058
0.439978
0.085852
0.227734
0.177494
0.394686
0.156153
0.176709
0.289476
0.187720
0.227429
0.194279
0.196763
0.250711
0.172104
0.257006
0.255894
0.214705
0.245918
0.226130
0.306867
0.279123
0.329641
0.395633
0.354564
0.356152
0.289561
0.263694
0.188098
0.166437
0.160189
0.330169
0.240740
0.342305
0.259174
0.275660
0.179500
0.155739
0.409362
0.499867
0.336809
0.162353
0.263352
0.271979
0.270798
0.203397
0.214922
0.266248
0.322734
0.242505
0.183723
0.218290
0.175411
0.182217
0.150508
0.170265
0.134916
0.135329
0.113989
0.132632
0.108652
0.153488
0.172921
0.137895
0.239700
0.158177
0.144401
0.176277
0.209401
0.175937
0.215045
0.164508
0.163613
0.155580
0.221898
0.177643
0.162938
0.282252
0.237567
0.114486
0.467525
0.305428
0.242034
0.278380
0.223331
0.345998
0.271778
0.394270
0.349247
0.323263
0.286182
0.276628
0.179743
0.221486
0.203911
0.233384
0.217049
0.195916
0.135931
0.121065
0.187211
0.176269
0.183022
0.193370
0.168459
0.158987
0.162618
0.215721
0.130199
0.118649
0.274724
0.239969
0.272859
0.249953
0.134169
0.170779
0.128716
0.132571
0.132274
0.133198
0.171667
0.167169
0.206211
0.107370
0.088176
0.102974
0.135706
0.158323
0.125888
0.123440
0.121418
0.120672
0.150676
0.187888
0.171196
0.208532
0.232581
0.205363
0.148980
0.115218
0.163752
0.157354
0.168514
0.165698
0.146083
0.163469
0.128444
0.128044
0.135383
0.129324
0.176037
0.187638
0.230189
0.193570
0.232774
0.154574
0.211163
0.142591
0.235318
0.167358
0.156762
0.240856
0.171626
0.155110
0.184339
0.235030
0.179328
0.143744
0.044049
0.270013
0.258788
0.193530
0.212980
0.262297
0.230581
0.223223
0.273751
0.334567
0.321495
0.417351
0.318794
0.255980
0.315475
0.317639
0.282281
0.305435
0.236775
