0.247348
0.111630
0.143503
0.204015
0.292701
0.193602
0.338724
0.317107
0.217194
0.134887
0.177643
0.172187
0.145777
0.255770
0.361405
0.443883
0.431058
0.342965
0.085852
0.186764
0.137588
0.331884
0.156153
0.152339
0.289476
0.187720
0.224962
0.194279
0.175653
0.250711
0.168684
0.257006
0.255894
0.158602
0.229729
0.226130
0.255429
0.279123
0.329641
0.328531
0.354564
0.356152
0.281234
0.263694
0.169468
0.166437
0.160189
0.355270
0.240740
0.342305
0.213599
0.216473
0.160712
0.150180
0.349923
0.438298
0.248031
0.162353
0.258308
0.222479
0.247609
0.167560
0.214922
0.259209
0.322734
0.179419
0.183723
0.224471
0.141717
0.174901
0.150508
0.184163
0.155860
0.190621
0.117646
0.093709
0.162370
0.173009
0.163900
0.158148
0.239700
0.163120
0.169517
0.188670
0.209401
0.194696
0.194919
0.164508
0.162227
0.176132
0.209009
0.177643
0.167779
0.216183
0.225398
0.114486
0.467525
0.343857
0.242034
0.240929
0.264490
0.345998
0.274976
0.361110
0.349247
0.328998
0.286182
0.276628
0.179743
0.221486
0.203911
0.233384
0.186870
0.195916
0.174769
0.136198
0.173120
0.139021
0.136364
0.214490
0.175229
0.157157
0.160787
0.214910
0.125378
0.130143
0.274724
0.239969
0.276138
0.289980
0.132778
0.107551
0.130197
0.159233
0.145497
0.203059
0.197690
0.167129
0.194927
0.119251
0.090589
0.119977
0.131627
0.179109
0.131524
0.074008
0.148896
0.149723
0.164175
0.228394
0.169110
0.262791
0.246885
0.248843
0.147888
0.113634
0.147561
0.183366
0.179046
0.166781
0.156359
0.190808
0.149895
0.162734
0.150353
0.164906
0.225735
0.180838
0.254026
0.193134
0.245596
0.185489
0.199393
0.159169
0.235318
0.167438
0.187419
0.245656
0.171099
0.178908
0.178867
0.242864
0.224160
0.164976
0.050189
0.253855
0.230604
0.178307
0.202835
0.308761
0.245068
0.215785
0.278142
0.297062
0.344511
0.417351
0.318794
0.236835
0.261764
0.317639
0.298409
0.307808
0.222088
