0.557749
0.541804
0.576791
0.523629
0.585342
0.624948
0.519531
0.631796
0.571391
0.632860
0.580016
0.598649
0.517083
0.612486
0.658520
0.645061
0.622674
0.552667
0.256018
0.576031
0.617711
0.843498
0.535205
0.435436
0.725299
0.549117
0.645708
0.651339
0.555234
0.663505
0.505935
0.606648
0.685605
0.686347
0.604188
0.694782
0.537539
0.631696
0.688377
0.741937
0.707464
0.757787
0.777828
0.756121
0.439453
0.595325
0.564440
0.557153
0.546875
0.650969
0.660210
0.674973
0.494539
0.528638
0.649486
0.616988
0.603141
0.609015
0.697174
0.701756
0.642416
0.673742
0.674246
0.670944
0.605605
0.586824
0.579908
0.451965
0.444430
0.566040
0.653801
0.661374
0.667491
0.465516
0.470586
0.465208
0.554006
0.464061
0.559749
0.474443
0.714716
0.595450
0.650000
0.515703
0.537296
0.540743
0.554771
0.482071
0.509351
0.642842
0.666563
0.666563
0.528664
0.455305
0.561655
0.219510
0.467525
0.465495
0.471974
0.481858
0.496528
0.577109
0.584048
0.462971
0.552569
0.595461
0.548642
0.571980
0.550781
0.560234
0.573340
0.610937
0.488613
0.492031
0.583360
0.605730
0.624760
0.568072
0.568072
0.646601
0.618056
0.559824
0.572353
0.659172
0.707254
0.487506
0.690707
0.525269
0.654317
0.589891
0.621077
0.358933
0.557704
0.646562
0.567973
0.584042
0.613632
0.545154
0.579812
0.611208
0.408732
0.689342
0.547179
0.573978
0.594552
0.604095
0.635382
0.590362
0.534947
0.524864
0.576278
0.617453
0.582500
0.700729
0.628945
0.581416
0.416296
0.613325
0.528451
0.676346
0.642408
0.650089
0.614139
0.477942
0.484149
0.473760
0.715937
0.351389
0.418924
0.323938
0.612288
0.606578
0.570093
0.580563
0.720035
0.584480
0.533203
0.425182
0.656250
0.557195
0.651519
0.812135
0.615032
0.617382
0.157395
0.505177
0.416978
0.342946
0.401639
0.460740
0.271426
0.348047
0.394771
0.523499
0.482738
0.611089
0.436432
0.428698
0.417516
0.524384
0.565387
0.553182
0.323568
