0.415695
0.185575
0.229394
0.755650
0.351227
0.554034
0.547386
0.485411
0.479281
0.362766
0.488212
0.418618
0.320717
0.592228
0.599072
0.400131
0.418105
0.464548
0.013340
0.384070
0.341834
0.353735
0.573028
0.485584
0.337608
0.400733
0.451452
0.463780
0.398356
0.361333
0.474819
0.205566
0.361037
0.347826
0.243402
0.457839
0.438836
0.493618
0.400290
0.299828
0.462503
0.613095
0.361397
0.401394
0.304790
0.193241
0.211622
0.639029
0.595725
0.280933
0.269890
0.278729
0.334720
0.325587
0.367040
0.334919
0.266384
0.357210
0.234015
0.210186
0.395213
0.404469
0.419190
0.410379
0.411978
0.338722
0.319135
0.465463
0.405770
0.452269
0.497158
0.283427
0.322718
0.278249
0.285907
0.257724
0.353595
0.299770
0.260087
0.253704
0.281915
0.268400
0.167002
0.232530
0.337833
0.419383
0.403486
0.270954
0.293792
0.284621
0.315619
0.277213
0.270773
0.547489
0.807219
0.147482
0.590413
0.445913
0.362184
0.236374
0.267557
0.309729
0.362231
0.586024
0.407409
0.697472
0.343565
0.461649
0.703352
0.463534
0.579593
0.749319
0.781887
0.777660
0.647828
0.741393
0.446593
0.388750
0.389797
0.400553
0.464356
0.589365
0.750347
0.410292
0.535027
0.364933
0.399345
0.412147
0.360600
0.531424
0.254011
0.357348
0.240099
0.310127
0.255741
0.277478
0.331030
0.360885
0.470256
0.187914
0.252286
0.249679
0.257778
0.279593
0.309104
0.225841
0.444536
0.275985
0.673859
0.439676
0.374033
0.488910
0.476196
0.233192
0.270214
0.242295
0.215675
0.276387
0.152909
0.293548
0.347249
0.324967
0.242469
0.253233
0.306283
0.263197
0.393536
0.873992
0.739411
0.766525
0.436012
0.200257
0.491460
0.340483
0.403394
0.354089
0.357293
0.386901
0.300406
0.263158
0.327516
0.197560
0.465572
0.408698
0.000000
0.280138
0.431161
0.494249
0.538753
0.294592
0.366629
0.393288
0.327737
0.245904
0.103405
0.372240
0.512120
0.247610
0.384765
0.136070
0.135914
0.284655
0.225186
