0.959382
0.907733
0.904173
0.852147
0.895228
0.891188
0.808950
0.830368
0.939409
0.876877
0.897351
0.858224
0.884198
0.924028
0.924108
0.821795
0.830231
0.848202
0.026297
0.943779
0.913437
0.693909
0.904276
0.834355
0.763040
0.849570
0.828649
0.868663
0.835006
0.809240
0.794589
0.827901
0.878001
0.924584
0.843295
0.903328
0.772672
0.879121
0.953764
0.733871
0.888462
0.886200
0.729090
0.936715
0.815385
0.924683
0.843019
0.861100
0.917426
0.918892
0.916918
0.843982
0.832968
0.875973
0.840467
0.888353
0.992248
0.898473
0.559017
0.443418
0.905346
0.955699
0.848855
0.861129
0.912026
0.917311
0.833125
0.867501
0.864377
0.760269
0.889383
0.840336
0.812556
0.811024
0.805666
0.809026
0.795801
0.675486
0.832055
0.797007
0.799659
0.869185
0.915493
0.880133
0.929002
0.940722
0.921969
0.839870
0.987552
0.962963
0.941677
0.909359
0.943988
0.862766
0.879276
0.218391
0.582861
0.841816
0.580774
0.843453
0.625378
0.554185
0.893459
0.946242
0.884192
0.642678
0.659091
0.812533
0.885906
0.815799
0.820083
0.793715
0.910001
0.873918
0.886638
0.959840
0.890019
0.828338
0.917857
0.862781
0.921172
0.907729
0.933705
0.889946
0.880127
0.820578
0.811046
0.909604
0.909604
0.805059
0.880324
0.939337
0.871528
0.819804
0.911246
0.802969
0.881100
0.855469
0.802595
0.759421
0.875362
0.902500
0.881924
0.765814
0.904817
0.856021
0.907637
0.898798
0.920191
0.860750
0.927933
0.850888
0.850888
0.866811
0.899267
0.828559
0.742744
0.823780
0.775146
0.890607
0.853047
0.881917
0.851276
0.811232
0.911541
0.930722
0.933370
0.873992
0.739411
0.766525
0.815849
0.914808
0.883721
0.863894
0.932132
0.865426
0.854460
0.809684
0.800484
0.777013
0.920188
0.490402
0.885479
0.828571
0.000000
0.590604
0.923202
0.702348
0.806871
0.874654
0.917659
0.757770
0.706336
0.689785
0.184882
0.750419
0.848751
0.620459
0.627943
0.809625
0.743787
0.791050
0.762131
