0.277100
0.086116
0.161617
0.275971
0.292701
0.234323
0.350849
0.389664
0.293079
0.157208
0.155438
0.192613
0.110296
0.354513
0.361122
0.459389
0.446615
0.427822
0.129795
0.243015
0.238711
0.407090
0.221726
0.200922
0.369124
0.194692
0.227745
0.200842
0.226999
0.293047
0.201568
0.257006
0.292011
0.217240
0.284317
0.285655
0.257532
0.374371
0.393838
0.403245
0.429260
0.421939
0.364550
0.338905
0.224006
0.167687
0.160189
0.341313
0.240740
0.378312
0.269746
0.287077
0.218388
0.184463
0.406769
0.457743
0.308644
0.238752
0.285706
0.281385
0.278827
0.205031
0.263588
0.310098
0.417745
0.233284
0.272328
0.211335
0.170423
0.221403
0.188577
0.167392
0.164551
0.187216
0.177469
0.186225
0.187603
0.155585
0.191328
0.190760
0.239700
0.158537
0.152114
0.194227
0.232410
0.225803
0.241413
0.197171
0.209941
0.186974
0.238610
0.232809
0.193761
0.261003
0.270202
0.112810
0.467525
0.250288
0.244599
0.278380
0.222309
0.406795
0.320494
0.318238
0.336438
0.320649
0.286182
0.342719
0.220292
0.166115
0.203911
0.233384
0.234288
0.211635
0.199102
0.154303
0.231338
0.176677
0.171423
0.247908
0.185840
0.195234
0.199188
0.211615
0.166449
0.129399
0.268685
0.249137
0.232381
0.303267
0.155202
0.153802
0.159552
0.125398
0.161627
0.173813
0.177307
0.164802
0.247997
0.120442
0.086076
0.141421
0.136704
0.145059
0.135490
0.102036
0.163036
0.133494
0.178128
0.178330
0.154394
0.198966
0.219614
0.205521
0.133474
0.105226
0.182976
0.179643
0.134826
0.186390
0.144625
0.160120
0.107489
0.112421
0.147464
0.122908
0.157159
0.203660
0.226981
0.188747
0.240451
0.109770
0.237131
0.127194
0.165175
0.141750
0.155851
0.240583
0.157551
0.141403
0.183455
0.227882
0.139099
0.111543
0.029910
0.263320
0.252396
0.177311
0.192474
0.265169
0.235394
0.230114
0.252221
0.321745
0.373274
0.417351
0.312581
0.251024
0.285087
0.353891
0.304702
0.331195
0.211594
