0.218203
0.109579
0.163496
0.204015
0.292701
0.193602
0.398378
0.302422
0.206367
0.152314
0.150797
0.204583
0.142482
0.296003
0.361405
0.645061
0.622674
0.405195
0.192838
0.306331
0.257831
0.345701
0.243632
0.146798
0.410005
0.205053
0.215081
0.212402
0.230032
0.210081
0.166087
0.257006
0.202956
0.173361
0.201396
0.206801
0.179180
0.249880
0.268595
0.312844
0.349279
0.348568
0.351016
0.326725
0.183230
0.163978
0.165137
0.351556
0.273438
0.310836
0.184122
0.237694
0.166195
0.135116
0.329172
0.564694
0.214160
0.162353
0.171519
0.202639
0.214139
0.172594
0.228728
0.230037
0.303229
0.189346
0.200965
0.147548
0.148143
0.158976
0.168650
0.158093
0.175502
0.155172
0.156862
0.093709
0.122541
0.154687
0.123854
0.158148
0.383311
0.167724
0.188482
0.257852
0.187180
0.126253
0.205424
0.197542
0.190325
0.192917
0.217462
0.237674
0.276138
0.159530
0.170786
0.171728
0.467525
0.343857
0.242034
0.240929
0.232669
0.365440
0.249237
0.349246
0.349247
0.326809
0.258503
0.261618
0.239658
0.332229
0.330527
0.262652
0.249161
0.259484
0.206604
0.172143
0.226490
0.171501
0.176151
0.209480
0.227141
0.267157
0.246382
0.225772
0.205243
0.121087
0.404308
0.274486
0.355315
0.312137
0.149036
0.162498
0.161525
0.165873
0.198112
0.205047
0.183862
0.186166
0.217147
0.140339
0.105687
0.128406
0.163790
0.177112
0.154408
0.137121
0.163249
0.154689
0.179037
0.228963
0.177456
0.293468
0.265201
0.268243
0.196629
0.131120
0.171570
0.175115
0.199255
0.226251
0.164300
0.190505
0.191154
0.175864
0.226008
0.174328
0.257800
0.186756
0.220336
0.168128
0.257367
0.224789
0.250511
0.207180
0.264280
0.217721
0.196494
0.221859
0.240119
0.226077
0.269875
0.318751
0.208703
0.192763
0.050316
0.288395
0.205283
0.190022
0.196811
0.271238
0.235497
0.238382
0.231563
0.287031
0.464294
0.286550
0.277317
0.250417
0.260218
0.304166
0.213400
0.290944
0.294122
