0.959382
0.907733
0.904173
0.853901
0.895228
0.891188
0.875564
0.856621
0.939409
0.876877
0.897351
0.858224
0.884198
0.924028
0.924108
0.821795
0.830231
0.868261
0.026297
0.943779
0.913437
0.705559
0.904276
0.834355
0.763040
0.917600
0.883637
0.868663
0.835006
0.809240
0.911107
0.912153
0.878001
0.924584
0.843295
0.926618
0.834898
0.879121
0.953764
0.859217
0.888462
0.886200
0.802247
0.936715
0.815385
0.924683
0.843019
0.887518
0.925742
0.918892
0.916918
0.843982
0.854000
0.875973
0.912721
0.888353
0.992248
0.898473
0.559017
0.694524
0.905346
0.955699
0.884003
0.861129
0.912026
0.917311
0.833125
0.867501
0.864377
0.877495
0.905890
0.840336
0.867826
0.887825
0.897820
0.873849
0.838413
0.858289
0.845983
0.824978
0.799659
0.894459
0.915493
0.880133
0.929002
0.940722
0.921969
0.837778
0.987552
0.962963
0.941677
0.909359
0.943988
0.862766
0.879276
0.851431
0.630491
0.841816
0.636037
0.843453
0.893396
0.848663
0.911786
0.946242
0.884192
0.863571
0.849162
0.812533
0.898136
0.867728
0.952070
0.837781
0.882598
0.873918
0.898798
0.959840
0.890019
0.865326
0.917857
0.885364
0.921172
0.907729
0.933705
0.889946
0.880127
0.838616
0.811046
0.909604
0.909604
0.826386
0.884810
0.939337
0.871528
0.871546
0.911246
0.914305
0.881100
0.901442
0.857086
0.889376
0.875362
0.902500
0.881924
0.860324
0.904817
0.871751
0.907637
0.909194
0.920191
0.860750
0.927933
0.867655
0.867655
0.866811
0.899267
0.830519
0.768576
0.858285
0.775146
0.890607
0.853047
0.881917
0.851276
0.829317
0.911541
0.930722
0.933370
0.873992
0.841662
0.766525
0.815849
0.914808
0.883721
0.863894
0.932132
0.865426
0.854460
0.859913
0.800484
0.893084
0.920188
0.551968
0.885479
0.828571
0.003410
0.780278
0.923202
0.870495
0.806871
0.903061
0.917659
0.795536
0.706336
0.689785
0.184882
0.750419
0.848751
0.876706
0.834126
0.826500
0.743787
0.791050
0.762131
