0.479691
0.310065
0.332074
0.852147
0.310639
0.445594
0.350805
0.281307
0.469705
0.438438
0.448675
0.462793
0.294733
0.924028
0.924108
0.821795
0.830231
0.410211
0.016002
0.471889
0.456719
0.693909
0.904276
0.417178
0.385179
0.240312
0.346662
0.314060
0.237365
0.410109
0.411914
0.366189
0.301357
0.241537
0.421648
0.903328
0.433373
0.439560
0.476882
0.326271
0.305687
0.416185
0.286996
0.310959
0.454251
0.310688
0.421509
0.781854
0.839271
0.214237
0.452473
0.389219
0.416484
0.437987
0.420233
0.300923
0.330749
0.449236
0.279508
0.236400
0.459238
0.485483
0.424427
0.861129
0.353207
0.458656
0.833125
0.490095
0.864377
0.380135
0.889383
0.420168
0.812556
0.405512
0.402833
0.404513
0.397900
0.337743
0.416028
0.398503
0.269680
0.289728
0.228873
0.294705
0.464501
0.470361
0.460984
0.265223
0.329184
0.481481
0.345320
0.340009
0.330134
0.862766
0.879276
0.095099
0.582861
0.420908
0.290387
0.421726
0.091097
0.175323
0.441135
0.946242
0.468320
0.642678
0.195546
0.812533
0.674852
0.261987
0.352448
0.793715
0.686445
0.873918
0.637031
0.959840
0.445010
0.414169
0.458929
0.431390
0.460586
0.563030
0.865843
0.561894
0.440064
0.324669
0.271625
0.246328
0.259978
0.417858
0.305433
0.478518
0.334553
0.286871
0.349810
0.417371
0.369640
0.344639
0.318223
0.201949
0.294786
0.308575
0.344115
0.304710
0.495462
0.228682
0.495241
0.363645
0.695191
0.463520
0.636685
0.595852
0.595852
0.336149
0.474734
0.287984
0.431235
0.318944
0.258382
0.493955
0.483574
0.498751
0.298403
0.297483
0.496495
0.337102
0.521090
0.873992
0.739411
0.766525
0.443079
0.479495
0.883721
0.334113
0.358842
0.377612
0.481699
0.459442
0.474226
0.252320
0.321847
0.316405
0.562380
0.414286
0.000000
0.297716
0.632582
0.404759
0.806871
0.122360
0.588055
0.510981
0.325109
0.045418
0.103405
0.026458
0.597780
0.310229
0.052977
0.081990
0.000000
0.298102
0.058418
