0.229954
0.108245
0.163496
0.204015
0.292701
0.193602
0.398378
0.287781
0.206367
0.152314
0.150797
0.174984
0.147828
0.296003
0.361405
0.645061
0.622674
0.405195
0.192838
0.306331
0.257831
0.316875
0.234229
0.146798
0.410005
0.236988
0.247482
0.246342
0.249075
0.215263
0.124565
0.257006
0.253951
0.173361
0.201396
0.210241
0.208037
0.263443
0.315374
0.324371
0.354564
0.352807
0.351016
0.321226
0.183230
0.122983
0.165137
0.355270
0.232977
0.330515
0.184122
0.250953
0.166195
0.135116
0.329172
0.432730
0.214160
0.162353
0.171519
0.231275
0.232087
0.172594
0.248420
0.249731
0.314781
0.214165
0.184168
0.147548
0.111107
0.158976
0.168650
0.158093
0.172325
0.155172
0.156862
0.093709
0.162370
0.154687
0.163900
0.158148
0.383311
0.161013
0.188482
0.257852
0.187180
0.126253
0.185262
0.197542
0.190325
0.192917
0.217462
0.178255
0.207104
0.159530
0.170786
0.171728
0.467525
0.343857
0.242034
0.240929
0.232669
0.365440
0.249237
0.349246
0.349247
0.326809
0.258503
0.261618
0.239658
0.332229
0.330527
0.238119
0.249161
0.259484
0.165283
0.143452
0.181192
0.137351
0.163021
0.212990
0.211417
0.207203
0.211185
0.225772
0.136829
0.121087
0.404308
0.274486
0.355315
0.312721
0.154434
0.162498
0.146525
0.165873
0.181524
0.205047
0.187175
0.186166
0.242061
0.123192
0.105687
0.128406
0.137159
0.179109
0.154408
0.085363
0.163249
0.154689
0.179037
0.228963
0.176308
0.263779
0.265201
0.270720
0.157303
0.131120
0.150246
0.188607
0.199255
0.235567
0.168824
0.182714
0.163799
0.150789
0.157949
0.157742
0.254095
0.186756
0.220336
0.168128
0.272149
0.224789
0.243762
0.201253
0.264280
0.218844
0.196494
0.221859
0.202228
0.181456
0.223584
0.318751
0.208703
0.185807
0.037266
0.288395
0.251534
0.190022
0.235062
0.271238
0.252939
0.243457
0.231563
0.354753
0.415586
0.286550
0.277317
0.228721
0.261764
0.304166
0.213400
0.333779
0.294122
