0.309613
0.328496
0.361832
0.379607
0.351000
0.362504
0.348387
0.362489
0.352884
0.344296
0.346184
0.360200
0.337364
0.383889
0.390357
0.361032
0.362066
0.376057
0.382555
0.349020
0.353486
0.470438
0.324991
0.454956
0.433108
0.343433
0.367358
0.379295
0.320046
0.405954
0.425682
0.366410
0.412285
0.417391
0.392193
0.387836
0.387210
0.382021
0.416177
0.431428
0.423833
0.424489
0.448983
0.422443
0.363636
0.367391
0.366128
0.409715
0.448503
0.359980
0.361146
0.368427
0.370217
0.384337
0.427977
0.387369
0.368033
0.355722
0.429997
0.416423
0.386879
0.382043
0.374415
0.366873
0.363751
0.352944
0.324426
0.316722
0.298675
0.361253
0.364659
0.365912
0.360338
0.547726
0.558524
0.551992
0.574409
0.545758
0.559749
0.563042
0.425378
0.399244
0.362176
0.317785
0.387766
0.514875
0.376489
0.354614
0.359122
0.369504
0.380114
0.361562
0.359730
0.539912
0.561655
0.219510
0.237868
0.465495
0.580865
0.361546
0.298612
0.337409
0.396920
0.484364
0.341382
0.371101
0.346211
0.330783
0.345160
0.363720
0.370324
0.469667
0.345269
0.349283
0.339031
0.366896
0.361902
0.350842
0.350842
0.361943
0.342823
0.310521
0.286808
0.394324
0.394341
0.334948
0.368663
0.384246
0.384246
0.332912
0.366681
0.457595
0.351164
0.369543
0.346186
0.341285
0.340817
0.360345
0.349541
0.349061
0.265308
0.348062
0.342834
0.362873
0.340641
0.338138
0.395311
0.331036
0.314156
0.307128
0.370217
0.350307
0.347197
0.398937
0.363765
0.359441
0.279177
0.306663
0.355409
0.375300
0.354343
0.363928
0.320506
0.311476
0.315521
0.342510
0.367910
0.417887
0.458378
0.522293
0.369395
0.361253
0.335496
0.354795
0.415571
0.446469
0.346337
0.425182
0.389029
0.369723
0.363086
0.453574
0.342873
0.347791
0.177280
0.308731
0.291653
0.251994
0.270695
0.289469
0.317026
0.301628
0.337442
0.271962
0.308326
0.332621
0.272092
0.318900
0.343008
0.347765
0.293025
0.328027
0.328896
0.280427
0.328496
0.269380
0.261815
0.246230
0.243114
0.330733
0.298308
0.248202
0.253227
0.324654
0.255847
0.258542
0.274175
0.274122
0.249227
0.238865
0.276333
0.382555
0.216211
0.326005
0.424362
0.235575
0.215254
0.353242
0.260813
0.190606
0.331704
0.275731
0.192600
0.249131
0.257006
0.211412
0.315498
0.302094
0.267803
0.268770
0.241719
0.268595
0.273600
0.321099
0.320197
0.294434
0.272963
0.363636
0.304557
0.300847
0.409715
0.338215
0.221408
0.300318
0.304117
0.247269
0.264319
0.250977
0.348449
0.343072
0.355722
0.362585
0.306193
0.163540
0.267595
0.297852
0.208198
0.210280
0.210280
0.180800
0.221322
0.222215
0.207500
0.210820
0.209180
0.263253
0.366667
0.284378
0.281128
0.367622
0.280436
0.285071
0.286709
0.425378
0.285669
0.182812
0.257852
0.196963
0.242695
0.349596
0.314167
0.330097
0.248308
0.334682
0.261095
0.193799
0.288086
0.291455
0.178360
0.173424
0.167578
0.371753
0.303707
0.248264
0.263212
0.396920
0.365258
0.276285
0.303097
0.233789
0.238047
0.191243
0.280117
0.286670
0.212131
0.244307
0.246016
0.216416
0.223398
0.245781
0.280516
0.280516
0.248867
0.236191
0.267915
0.274158
0.349690
0.371467
0.178711
0.336949
0.336949
0.336949
0.282458
0.348236
0.199238
0.351164
0.286163
0.283338
0.341285
0.316196
0.318539
0.319803
0.368697
0.204366
0.230806
0.342834
0.286989
0.265811
0.308192
0.336404
0.288061
0.190430
0.186795
0.320503
0.347197
0.347197
0.398937
0.363765
0.332011
0.129697
0.301928
0.264226
0.286865
0.330124
0.359283
0.314311
0.289074
0.242075
0.132487
0.367910
0.197656
0.235645
0.237500
0.281197
0.165779
0.142361
0.354795
0.415571
0.159193
0.118490
0.216478
0.154139
0.317029
0.363086
0.218507
0.230186
0.176708
0.151571
0.157199
0.106988
0.092285
0.169610
0.185254
0.145956
0.159358
0.201503
0.293372
0.304472
0.184666
0.202148
0.205283
0.254020
0.214735
0.226732
0.314485
