0.391167
0.103297
0.122598
0.397375
0.341410
0.341627
0.375788
0.423913
0.324962
0.167630
0.220168
0.218423
0.123972
0.420583
0.447983
0.470838
0.398115
0.423062
0.157078
0.361192
0.334665
0.528210
0.323356
0.298898
0.498599
0.298860
0.314972
0.300867
0.328480
0.447378
0.398649
0.332373
0.382647
0.339913
0.286215
0.374552
0.396384
0.432407
0.478148
0.456900
0.493605
0.447092
0.459826
0.426869
0.345656
0.271634
0.247617
0.398290
0.347072
0.417168
0.342304
0.380104
0.321286
0.287735
0.516212
0.408488
0.426675
0.396466
0.452519
0.435709
0.427604
0.374891
0.353216
0.364926
0.384500
0.334064
0.337251
0.333311
0.345838
0.304142
0.307018
0.285100
0.253520
0.256678
0.262144
0.275655
0.264474
0.284945
0.267158
0.229170
0.414571
0.186317
0.123927
0.195332
0.254165
0.265354
0.287090
0.244033
0.250161
0.257085
0.257667
0.238751
0.246236
0.323521
0.318545
0.136305
0.467525
0.298442
0.396487
0.393869
0.266348
0.376811
0.373930
0.338285
0.306146
0.434114
0.395795
0.348302
0.225296
0.278099
0.271585
0.275480
0.263504
0.241704
0.169356
0.172358
0.190482
0.168526
0.156866
0.177702
0.171748
0.198448
0.188768
0.193470
0.230920
0.136603
0.224577
0.259049
0.252704
0.364249
0.130341
0.186371
0.131711
0.134271
0.146647
0.154480
0.183327
0.180849
0.277363
0.128833
0.101959
0.137647
0.122508
0.141864
0.138187
0.119949
0.124985
0.137361
0.170007
0.176859
0.184350
0.199342
0.194348
0.184300
0.168272
0.120970
0.186862
0.145234
0.121556
0.159062
0.144344
0.163840
0.129933
0.134696
0.135358
0.128082
0.147565
0.213019
0.218581
0.221121
0.224723
0.116569
0.297770
0.146720
0.144382
0.150976
0.159919
0.254454
0.144907
0.150538
0.191754
0.207563
0.191365
0.108342
0.023887
0.329163
0.311587
0.206638
0.221601
0.342379
0.241141
0.243830
0.270808
0.348439
0.396530
0.458732
0.300516
0.269501
0.276944
0.362574
0.370580
0.365779
0.250908
