0.280427
0.328496
0.269380
0.261815
0.246230
0.243114
0.330733
0.298308
0.248202
0.253227
0.324654
0.255847
0.258542
0.274175
0.274122
0.249227
0.238865
0.276333
0.382555
0.216211
0.326005
0.424362
0.235575
0.215254
0.353242
0.260813
0.190606
0.331704
0.275731
0.192600
0.249131
0.257006
0.211412
0.315498
0.302094
0.267803
0.268770
0.241719
0.268595
0.273600
0.321099
0.320197
0.294434
0.272963
0.363636
0.304557
0.300847
0.409715
0.338215
0.221408
0.300318
0.304117
0.247269
0.264319
0.250977
0.348449
0.343072
0.355722
0.362585
0.306193
0.163540
0.267595
0.297852
0.208198
0.210280
0.210280
0.180800
0.221322
0.222215
0.207500
0.210820
0.209180
0.263253
0.366667
0.284378
0.281128
0.367622
0.280436
0.285071
0.286709
0.425378
0.285669
0.182812
0.257852
0.196963
0.242695
0.349596
0.314167
0.330097
0.248308
0.334682
0.261095
0.193799
0.288086
0.291455
0.178360
0.173424
0.167578
0.371753
0.303707
0.248264
0.263212
0.396920
0.365258
0.276285
0.303097
0.233789
0.238047
0.191243
0.280117
0.286670
0.212131
0.244307
0.246016
0.216416
0.223398
0.245781
0.280516
0.280516
0.248867
0.236191
0.267915
0.274158
0.349690
0.371467
0.178711
0.336949
0.336949
0.336949
0.282458
0.348236
0.199238
0.351164
0.286163
0.283338
0.341285
0.316196
0.318539
0.319803
0.368697
0.204366
0.230806
0.342834
0.286989
0.265811
0.308192
0.336404
0.288061
0.190430
0.186795
0.320503
0.347197
0.347197
0.398937
0.363765
0.332011
0.129697
0.301928
0.264226
0.286865
0.330124
0.359283
0.314311
0.289074
0.242075
0.132487
0.367910
0.197656
0.235645
0.237500
0.281197
0.165779
0.142361
0.354795
0.415571
0.159193
0.118490
0.216478
0.154139
0.317029
0.363086
0.218507
0.230186
0.176708
0.151571
0.157199
0.106988
0.092285
0.169610
0.185254
0.145956
0.159358
0.201503
0.293372
0.304472
0.184666
0.202148
0.205283
0.254020
0.214735
0.226732
0.314485
