0.479691
0.453867
0.301848
0.852147
0.447614
0.445594
0.347561
0.348935
0.939409
0.438438
0.448675
0.265077
0.442099
0.924028
0.924108
0.821795
0.830231
0.654476
0.016002
0.471889
0.456719
0.693909
0.904276
0.417178
0.381520
0.321674
0.346662
0.314060
0.325025
0.278604
0.411914
0.366189
0.301357
0.241537
0.421648
0.903328
0.709264
0.439560
0.476882
0.733871
0.483017
0.705819
0.327541
0.350160
0.815385
0.462342
0.421509
0.781854
0.839271
0.057787
0.458459
0.421991
0.416484
0.437987
0.420233
0.451385
0.496124
0.449236
0.279508
0.236400
0.459238
0.485483
0.424427
0.861129
0.456013
0.458656
0.833125
0.867501
0.864377
0.380135
0.889383
0.420168
0.812556
0.405512
0.402833
0.404513
0.397900
0.337743
0.416028
0.398503
0.404519
0.289728
0.305164
0.442057
0.464501
0.470361
0.460984
0.321264
0.493776
0.481481
0.470839
0.454680
0.471994
0.862766
0.879276
0.154509
0.582861
0.420908
0.290387
0.421726
0.155389
0.175323
0.180685
0.946242
0.884192
0.642678
0.195546
0.812533
0.674852
0.345194
0.352448
0.793715
0.686445
0.873918
0.637031
0.959840
0.445010
0.414169
0.458929
0.431390
0.460586
0.836203
0.865843
0.836630
0.440064
0.410289
0.331310
0.313840
0.313840
0.417858
0.305433
0.478518
0.456302
0.430306
0.474581
0.417371
0.479933
0.452188
0.318223
0.205434
0.294786
0.317516
0.348726
0.479128
0.466585
0.428010
0.176838
0.478390
0.920191
0.463520
0.619747
0.540767
0.540767
0.392248
0.449633
0.414280
0.431235
0.411890
0.387573
0.395485
0.853047
0.881917
0.425638
0.270411
0.461045
0.465361
0.933370
0.873992
0.739411
0.766525
0.443079
0.479495
0.883721
0.465578
0.932132
0.348197
0.481699
0.459442
0.400242
0.444831
0.324566
0.316405
0.885479
0.414286
0.000000
0.300810
0.923202
0.702348
0.806871
0.120967
0.494388
0.551419
0.706336
0.000000
0.103405
0.026458
0.527344
0.620459
0.052977
0.000000
0.000000
0.362729
0.010720
