0.218203
0.144426
0.164263
0.292273
0.274956
0.290403
0.519531
0.434462
0.279663
0.150121
0.174364
0.073228
0.177473
0.296003
0.305441
0.645061
0.622674
0.405195
0.129658
0.306331
0.257831
0.345701
0.299137
0.146798
0.410005
0.205053
0.212019
0.216015
0.166362
0.184896
0.166087
0.257006
0.202956
0.144714
0.201396
0.178535
0.179180
0.241719
0.268595
0.273600
0.319621
0.318720
0.318001
0.292512
0.183230
0.245967
0.165137
0.557153
0.273438
0.313774
0.222534
0.225968
0.164846
0.176213
0.501953
0.564694
0.214160
0.161024
0.171519
0.164958
0.214139
0.178397
0.198568
0.199870
0.302803
0.140186
0.173568
0.147548
0.148143
0.211969
0.168650
0.316187
0.175502
0.232758
0.156862
0.140564
0.122541
0.232031
0.185781
0.237221
0.383311
0.162647
0.230248
0.257852
0.209651
0.115139
0.213983
0.197542
0.310199
0.241770
0.273868
0.222736
0.229672
0.159530
0.170786
0.219510
0.467525
0.346375
0.242034
0.240929
0.281521
0.329676
0.584048
0.349246
0.309111
0.313080
0.258503
0.261618
0.239658
0.332229
0.330527
0.220013
0.311631
0.296236
0.347050
0.241755
0.375370
0.172532
0.280516
0.263901
0.309028
0.301047
0.309795
0.282215
0.205243
0.202632
0.321589
0.282977
0.355315
0.315377
0.168048
0.162498
0.189274
0.268547
0.264149
0.205047
0.200179
0.264940
0.266264
0.213018
0.138415
0.147419
0.192211
0.190511
0.154408
0.151229
0.184583
0.138510
0.178991
0.223203
0.212808
0.337157
0.262356
0.349941
0.266127
0.123727
0.148315
0.210741
0.236859
0.192788
0.239223
0.253426
0.244178
0.227847
0.225452
0.225665
0.313752
0.206269
0.220336
0.189687
0.312831
0.224789
0.266895
0.251146
0.270822
0.218287
0.281225
0.221859
0.281470
0.268566
0.247878
0.318751
0.225941
0.268155
0.052465
0.265511
0.284011
0.159418
0.196811
0.328565
0.227665
0.214117
0.224375
0.309097
0.401076
0.462713
0.271215
0.230225
0.233795
0.304166
0.365465
0.338949
0.235880
