0.401224
0.195118
0.234962
0.776871
0.400239
0.518661
0.477542
0.441789
0.432926
0.381269
0.494943
0.347095
0.257990
0.564084
0.803563
0.497645
0.571160
0.557228
0.011585
0.427930
0.336362
0.353829
0.749445
0.365255
0.378260
0.324146
0.407691
0.390651
0.330805
0.278347
0.380366
0.312056
0.366715
0.318076
0.246468
0.462225
0.451293
0.423647
0.401484
0.342445
0.403487
0.521234
0.318016
0.357256
0.342176
0.222827
0.225369
0.620426
0.592452
0.359540
0.302890
0.367406
0.366822
0.347139
0.357727
0.313858
0.312407
0.338022
0.186339
0.218737
0.441199
0.453836
0.434223
0.564173
0.397463
0.386499
0.303565
0.421307
0.523501
0.399337
0.572824
0.296239
0.432177
0.270341
0.268555
0.235737
0.265267
0.209689
0.196310
0.225409
0.269680
0.304175
0.210633
0.216991
0.395178
0.424437
0.453409
0.326690
0.306838
0.348205
0.368410
0.375106
0.320399
0.439981
0.665807
0.127917
0.582861
0.411811
0.340206
0.210863
0.212386
0.231844
0.472728
0.595049
0.450480
0.753124
0.413003
0.461649
0.741922
0.413422
0.508327
0.749319
0.784521
0.775482
0.724634
0.744302
0.403401
0.386471
0.327356
0.380016
0.406065
0.575624
0.775392
0.363724
0.501906
0.323373
0.336564
0.412147
0.360600
0.436698
0.254679
0.271741
0.287406
0.326549
0.310447
0.205088
0.367336
0.414280
0.457292
0.187599
0.180300
0.221981
0.257297
0.278780
0.354280
0.225841
0.387666
0.313089
0.712462
0.406099
0.449739
0.467753
0.467753
0.268001
0.296299
0.278621
0.175894
0.217952
0.155432
0.284988
0.408985
0.369756
0.201808
0.196548
0.306283
0.205307
0.393536
0.873992
0.739411
0.766525
0.355609
0.226104
0.537921
0.285444
0.343808
0.378217
0.398271
0.441529
0.241919
0.299435
0.327516
0.197560
0.442302
0.303618
0.000000
0.301373
0.419516
0.433004
0.534755
0.261351
0.357455
0.337866
0.238865
0.247506
0.103405
0.372240
0.518955
0.205271
0.339364
0.177735
0.135914
0.362497
0.225536
