0.959382
0.907733
0.904173
0.852147
0.895228
0.891188
0.875564
0.834167
0.939409
0.876877
0.897351
0.858224
0.884198
0.924028
0.924108
0.821795
0.830231
0.848202
0.026297
0.943779
0.913437
0.693909
0.904276
0.834355
0.763040
0.860250
0.878313
0.868663
0.835006
0.809240
0.794589
0.912153
0.878001
0.924584
0.843295
0.903328
0.772672
0.879121
0.953764
0.761794
0.888462
0.886200
0.756890
0.936715
0.815385
0.924683
0.843019
0.861100
0.917426
0.918892
0.916918
0.843982
0.832968
0.875973
0.840467
0.888353
0.992248
0.898473
0.559017
0.694524
0.905346
0.955699
0.848855
0.861129
0.912026
0.917311
0.833125
0.867501
0.864377
0.760269
0.889383
0.840336
0.812556
0.811024
0.805666
0.809026
0.795801
0.726056
0.832055
0.797007
0.799659
0.869185
0.915493
0.880133
0.929002
0.940722
0.921969
0.837778
0.987552
0.962963
0.941677
0.909359
0.943988
0.862766
0.879276
0.268132
0.597964
0.841816
0.636037
0.843453
0.893396
0.789332
0.893459
0.946242
0.884192
0.863571
0.849162
0.812533
0.898136
0.867728
0.820083
0.793715
0.882598
0.873918
0.812238
0.959840
0.890019
0.828338
0.917857
0.862781
0.921172
0.907729
0.933705
0.889946
0.880127
0.820578
0.811046
0.909604
0.909604
0.805059
0.880324
0.939337
0.871528
0.819804
0.911246
0.811523
0.881100
0.855469
0.808889
0.759421
0.875362
0.902500
0.881924
0.765814
0.904817
0.856021
0.907637
0.898798
0.920191
0.860750
0.927933
0.850888
0.850888
0.866811
0.899267
0.828559
0.742744
0.823780
0.775146
0.890607
0.853047
0.881917
0.851276
0.811232
0.911541
0.930722
0.933370
0.873992
0.739411
0.766525
0.815849
0.914808
0.883721
0.863894
0.932132
0.865426
0.854460
0.809684
0.800484
0.777013
0.920188
0.490402
0.885479
0.828571
0.000000
0.645649
0.923202
0.870495
0.806871
0.874654
0.917659
0.922371
0.706336
0.689785
0.184882
0.750419
0.848751
0.620459
0.810045
0.809625
0.743787
0.791050
0.762131
