0.436406
0.408066
0.538761
0.523629
0.492461
0.486227
0.519531
0.590096
0.596622
0.519474
0.580016
0.584663
0.517083
0.650744
0.621871
0.645061
0.622674
0.597537
0.305566
0.583857
0.568653
0.843498
0.491466
0.369558
0.706484
0.537656
0.548945
0.551074
0.526503
0.554688
0.498262
0.514012
0.608867
0.686347
0.604188
0.535605
0.537539
0.660115
0.650628
0.702099
0.707464
0.757787
0.735118
0.714955
0.439453
0.491934
0.495410
0.557153
0.546875
0.684248
0.588848
0.674973
0.494539
0.528638
0.611652
0.564694
0.522166
0.578014
0.659488
0.618477
0.642416
0.535191
0.595703
0.599609
0.624905
0.556479
0.528160
0.442645
0.444430
0.566040
0.575097
0.570622
0.526506
0.465516
0.470586
0.366424
0.381957
0.464061
0.388892
0.474443
0.714716
0.595450
0.650000
0.515703
0.537296
0.466696
0.554771
0.482071
0.509351
0.496617
0.666563
0.522191
0.528664
0.490108
0.498436
0.219510
0.467525
0.465495
0.471974
0.481858
0.496528
0.577109
0.584048
0.462971
0.552569
0.595461
0.467578
0.540993
0.550781
0.560234
0.573340
0.610937
0.488613
0.492031
0.583360
0.605730
0.602832
0.561031
0.561031
0.646601
0.618056
0.559824
0.572353
0.659172
0.637221
0.487506
0.690707
0.525269
0.654317
0.589891
0.514558
0.333881
0.570665
0.572327
0.580708
0.593564
0.613632
0.527344
0.550245
0.479994
0.408732
0.590768
0.547179
0.573978
0.594552
0.475518
0.635382
0.432832
0.508658
0.524864
0.494539
0.582500
0.582500
0.700729
0.526914
0.449465
0.353801
0.601677
0.528451
0.579626
0.526400
0.535191
0.555104
0.477942
0.484149
0.473760
0.715937
0.351389
0.321408
0.323938
0.612288
0.517676
0.570093
0.580563
0.720035
0.584480
0.533203
0.332356
0.656250
0.557195
0.564375
0.707695
0.545645
0.617382
0.157395
0.383819
0.396755
0.312125
0.350425
0.356002
0.271426
0.301086
0.367925
0.450753
0.590731
0.611089
0.404937
0.344585
0.417516
0.499520
0.456163
0.452012
0.323568
