0.436406
0.146743
0.179587
0.261815
0.492461
0.243114
0.519531
0.434462
0.248202
0.173158
0.193339
0.073228
0.258542
0.548351
0.548244
0.645061
0.622674
0.405195
0.129658
0.306331
0.233603
0.843498
0.235575
0.146798
0.353242
0.537656
0.279756
0.275537
0.233740
0.277344
0.166087
0.514012
0.304434
0.245759
0.604188
0.178535
0.179180
0.241719
0.537191
0.547201
0.319621
0.318720
0.294434
0.272963
0.113451
0.245967
0.247705
0.557153
0.273438
0.313774
0.196283
0.200800
0.164846
0.176213
0.501953
0.564694
0.214160
0.241536
0.291382
0.306193
0.321208
0.178397
0.198568
0.299805
0.302803
0.210280
0.173568
0.147548
0.148143
0.283020
0.287549
0.305480
0.175502
0.232758
0.235293
0.140564
0.183811
0.232031
0.185781
0.237221
0.714716
0.211209
0.325000
0.257852
0.268648
0.121348
0.406738
0.176719
0.254675
0.248308
0.333282
0.261095
0.264332
0.288086
0.145728
0.219510
0.467525
0.465495
0.242034
0.240929
0.496528
0.577109
0.584048
0.349246
0.552569
0.313080
0.467578
0.476094
0.275391
0.323516
0.330527
0.610937
0.244307
0.248622
0.291680
0.302865
0.301416
0.280516
0.280516
0.323300
0.309028
0.322182
0.333414
0.285120
0.219082
0.247346
0.117909
0.282977
0.290791
0.300445
0.188764
0.148528
0.207936
0.215972
0.225733
0.113101
0.301861
0.230239
0.217982
0.182968
0.214446
0.178275
0.054870
0.217320
0.185199
0.061082
0.276253
0.056343
0.170209
0.235311
0.358311
0.352030
0.352030
0.274497
0.272692
0.225280
0.180135
0.100463
0.091063
0.114423
0.080228
0.088859
0.076650
0.081694
0.090311
0.096573
0.095923
0.253099
0.220336
0.168419
0.227529
0.156690
0.285047
0.093888
0.094127
0.098066
0.152482
0.216273
0.070038
0.099372
0.089630
0.124279
0.303736
0.071024
0.000000
0.303141
0.264670
0.172797
0.265781
0.229013
0.257297
0.241699
0.253472
0.379351
0.401076
0.462713
0.259946
0.211534
0.285116
0.358724
0.365465
0.338949
0.235880
