0.280427
0.328496
0.302844
0.296429
0.280378
0.243114
0.330733
0.298308
0.248202
0.253227
0.324654
0.255847
0.258542
0.274175
0.274122
0.314109
0.238865
0.276333
0.382555
0.216211
0.326005
0.424362
0.235575
0.331917
0.353242
0.260813
0.329558
0.318102
0.295747
0.192600
0.294645
0.366410
0.292056
0.352941
0.302094
0.327758
0.323167
0.317337
0.356429
0.273600
0.400011
0.400621
0.294434
0.369651
0.363636
0.304557
0.300847
0.409715
0.401483
0.300795
0.327873
0.334665
0.252739
0.288362
0.383500
0.348449
0.343072
0.355722
0.362585
0.327223
0.163540
0.267595
0.297852
0.208198
0.210280
0.210280
0.180800
0.221322
0.247929
0.238599
0.240880
0.209180
0.263253
0.366667
0.284378
0.281128
0.367622
0.280436
0.285071
0.286709
0.425378
0.304359
0.182812
0.257852
0.330181
0.336250
0.349596
0.314167
0.330097
0.248308
0.334682
0.262213
0.328323
0.419479
0.291455
0.178360
0.226943
0.379078
0.371753
0.305025
0.248264
0.263212
0.396920
0.372973
0.276285
0.289412
0.233789
0.330783
0.191243
0.280117
0.286670
0.469667
0.251084
0.246016
0.339031
0.334709
0.352709
0.280516
0.280516
0.248867
0.310988
0.267915
0.274158
0.355795
0.371467
0.210526
0.336949
0.336949
0.336949
0.282458
0.348236
0.299283
0.266663
0.286163
0.283338
0.341285
0.316196
0.318539
0.319803
0.239997
0.204366
0.230806
0.338526
0.286989
0.277799
0.237759
0.395311
0.288061
0.190430
0.186795
0.320503
0.347197
0.347197
0.398937
0.363765
0.224732
0.266288
0.224834
0.264226
0.351511
0.330124
0.337361
0.277552
0.311476
0.315521
0.236880
0.347790
0.417887
0.458378
0.415929
0.369395
0.326746
0.335496
0.292903
0.415571
0.312670
0.318870
0.216478
0.328125
0.278598
0.363086
0.353848
0.252783
0.297038
0.144489
0.186965
0.184181
0.202722
0.132891
0.211260
0.185254
0.301628
0.182500
0.201503
0.293372
0.304472
0.184666
0.202148
0.343008
0.306851
0.214735
0.226732
0.314485
