0.280427
0.328496
0.269380
0.261815
0.280378
0.291299
0.330733
0.298308
0.323082
0.253227
0.346184
0.310721
0.258542
0.274175
0.274122
0.294545
0.238865
0.276333
0.382555
0.243299
0.326005
0.424362
0.302034
0.391886
0.353242
0.260813
0.251496
0.331704
0.288194
0.323077
0.324668
0.366410
0.412285
0.399049
0.302094
0.342285
0.295262
0.317337
0.372402
0.273600
0.400011
0.400621
0.411964
0.386113
0.363636
0.304557
0.300847
0.409715
0.401483
0.331471
0.300318
0.350247
0.264091
0.328492
0.312598
0.348449
0.343072
0.355722
0.362585
0.391054
0.331264
0.272689
0.313526
0.239292
0.270228
0.302607
0.240556
0.221322
0.226845
0.294288
0.240880
0.209180
0.263253
0.490438
0.499742
0.493456
0.495851
0.488091
0.500464
0.503631
0.425378
0.317601
0.182812
0.257852
0.346054
0.356297
0.349596
0.314167
0.330097
0.250812
0.334682
0.261095
0.343843
0.491695
0.397935
0.178360
0.237868
0.297917
0.371753
0.303707
0.248264
0.263212
0.396920
0.372973
0.276285
0.289412
0.281993
0.279685
0.191243
0.280117
0.311815
0.469667
0.251084
0.264318
0.339031
0.334709
0.352709
0.280516
0.280516
0.324006
0.310988
0.267915
0.274158
0.349690
0.371467
0.306192
0.336949
0.336949
0.336949
0.282458
0.348236
0.317686
0.266663
0.286163
0.283338
0.341285
0.316196
0.318539
0.349541
0.239997
0.204366
0.293983
0.342834
0.286989
0.277799
0.237759
0.395311
0.288061
0.190430
0.186795
0.320503
0.347197
0.347197
0.398937
0.363765
0.224732
0.266288
0.301928
0.264226
0.351511
0.330124
0.337361
0.277552
0.311476
0.315521
0.241584
0.347790
0.351389
0.458378
0.415929
0.281197
0.326746
0.335496
0.292903
0.415571
0.312670
0.318870
0.404676
0.328125
0.278598
0.363086
0.353848
0.272822
0.297038
0.280634
0.291653
0.251994
0.270695
0.278595
0.317026
0.209709
0.337442
0.271962
0.293372
0.332621
0.230098
0.202148
0.343008
0.305389
0.263135
0.226732
0.314485
