0.959382
0.907733
0.904173
0.852147
0.895228
0.891188
0.695122
0.697869
0.939409
0.876877
0.897351
0.884198
0.924028
0.924108
0.821795
0.830231
0.654476
0.943779
0.913437
0.693909
0.904276
0.834355
0.763040
0.644164
0.794589
0.732377
0.878001
0.843295
0.903328
0.709264
0.879121
0.953764
0.733871
0.737936
0.705819
0.700320
0.815385
0.924683
0.843019
0.861100
0.917426
0.916918
0.843982
0.832968
0.875973
0.840467
0.888353
0.992248
0.898473
0.905346
0.955699
0.848855
0.861129
0.912026
0.917311
0.833125
0.867501
0.864377
0.760269
0.889383
0.840336
0.812556
0.811024
0.805666
0.809026
0.795801
0.675486
0.832055
0.797007
0.799659
0.869185
0.915493
0.880133
0.929002
0.940722
0.921969
0.642529
0.987552
0.962963
0.941677
0.909359
0.943988
0.862766
0.879276
0.841816
0.843453
0.946242
0.884192
0.642678
0.812533
0.674852
0.690389
0.704897
0.793715
0.686445
0.873918
0.959840
0.890019
0.828338
0.917857
0.862781
0.921172
0.907729
0.933705
0.889946
0.880127
0.820578
0.805059
0.880324
0.939337
0.871528
0.819804
0.911246
0.802969
0.881100
0.855469
0.802595
0.759421
0.875362
0.902500
0.605568
0.584535
0.856021
0.898798
0.920191
0.860750
0.927933
0.850543
0.850543
0.866811
0.899267
0.828559
0.742744
0.823780
0.625659
0.853047
0.881917
0.851276
0.811232
0.911541
0.930722
0.933370
0.873992
0.739411
0.766525
0.815849
0.914808
0.883721
0.863894
0.932132
0.854460
0.809684
0.800484
0.777013
0.920188
0.885479
0.828571
0.923202
0.702348
0.806871
0.917659
0.740741
0.706336
0.848751
0.709542
