0.218203
0.136022
0.148171
0.261815
0.276248
0.280520
0.519531
0.434462
0.279663
0.173158
0.193339
0.073228
0.195661
0.295960
0.294838
0.645061
0.622674
0.405195
0.129658
0.306331
0.233603
0.468853
0.235575
0.146798
0.353242
0.208581
0.274473
0.275537
0.221816
0.277344
0.166087
0.257006
0.304434
0.088455
0.201396
0.178535
0.179180
0.241719
0.268595
0.273600
0.319621
0.318720
0.318001
0.292512
0.113451
0.245967
0.165137
0.557153
0.273438
0.313774
0.196283
0.200800
0.164846
0.176213
0.501953
0.564694
0.214160
0.161024
0.228692
0.162496
0.321208
0.178397
0.198568
0.299805
0.302803
0.210280
0.173568
0.147548
0.148143
0.208135
0.168650
0.316187
0.178585
0.232758
0.156862
0.140564
0.122541
0.232031
0.185781
0.237221
0.394431
0.162647
0.325000
0.257852
0.209651
0.121348
0.208620
0.197542
0.310199
0.248308
0.333282
0.261095
0.196580
0.159530
0.170786
0.219510
0.467525
0.465495
0.242034
0.240929
0.496528
0.577109
0.584048
0.349246
0.552569
0.313080
0.258503
0.261618
0.239658
0.332229
0.330527
0.220013
0.311631
0.277067
0.352175
0.241755
0.375370
0.280516
0.280516
0.262532
0.309028
0.391512
0.402878
0.366431
0.224461
0.247346
0.117909
0.282977
0.355315
0.356040
0.224063
0.243746
0.174829
0.263728
0.263799
0.263421
0.255639
0.264940
0.264114
0.211161
0.181705
0.193493
0.250119
0.195219
0.192166
0.151229
0.182089
0.264766
0.188343
0.258740
0.209184
0.337157
0.328778
0.349941
0.261432
0.154385
0.164800
0.265294
0.233305
0.190987
0.244168
0.253426
0.201106
0.227847
0.225452
0.225665
0.285041
0.197021
0.220336
0.189687
0.312831
0.224789
0.262287
0.271280
0.321086
0.262901
0.312923
0.221859
0.230550
0.263708
0.247878
0.318751
0.338911
0.261461
0.052465
0.265511
0.276594
0.155315
0.187611
0.229013
0.224984
0.188439
0.216473
0.334528
0.401076
0.462713
0.271215
0.227549
0.231433
0.358724
0.365465
0.338949
0.235880
