0.479691
0.278152
0.249055
0.852147
0.310639
0.445594
0.350805
0.281307
0.469705
0.438438
0.439605
0.347095
0.294733
0.508400
0.924108
0.821795
0.830231
0.410211
0.019308
0.471889
0.456719
0.409824
0.904276
0.417178
0.278987
0.240312
0.346662
0.314060
0.237365
0.410109
0.327769
0.366189
0.324982
0.241537
0.421648
0.497470
0.433373
0.351202
0.361440
0.326271
0.305687
0.728409
0.470657
0.476285
0.482929
0.344102
0.312438
0.781854
0.839271
0.214237
0.458104
0.366090
0.416484
0.437987
0.420233
0.300923
0.330749
0.368464
0.279508
0.236400
0.459238
0.485483
0.446624
0.861129
0.353207
0.458656
0.629631
0.490095
0.864377
0.380135
0.889383
0.420168
0.812556
0.405512
0.402833
0.404513
0.397900
0.337743
0.292123
0.398503
0.269680
0.289728
0.228873
0.261931
0.464501
0.390344
0.460984
0.265223
0.329184
0.481481
0.345320
0.340009
0.330134
0.862766
0.879276
0.095099
0.582861
0.420908
0.290387
0.281151
0.097673
0.175323
0.435778
0.610594
0.468320
0.642678
0.195546
0.812533
0.663815
0.261987
0.352448
0.793715
0.686445
0.873918
0.637031
0.959840
0.455778
0.414169
0.458929
0.431390
0.460586
0.563030
0.865843
0.561894
0.440064
0.324669
0.271625
0.246328
0.259978
0.404331
0.350222
0.478518
0.334553
0.286871
0.349810
0.417371
0.379833
0.345031
0.318223
0.201949
0.223203
0.308575
0.344115
0.319437
0.371300
0.224275
0.291612
0.378452
0.716617
0.473592
0.636685
0.595852
0.595852
0.336149
0.474734
0.326170
0.431235
0.318944
0.217959
0.357276
0.483574
0.498751
0.368031
0.297483
0.496495
0.337102
0.521090
0.873992
0.739411
0.766525
0.443079
0.319663
0.883721
0.334113
0.358842
0.378217
0.513377
0.342189
0.474226
0.252320
0.321847
0.316405
0.476785
0.303618
0.000000
0.297716
0.638876
0.589693
0.806871
0.372196
0.529252
0.510981
0.325109
0.045418
0.103405
0.026458
0.620618
0.310229
0.262845
0.081990
0.009199
0.298102
0.244666
