0.218203
0.136022
0.197816
0.261815
0.492461
0.263082
0.519531
0.434462
0.269569
0.173158
0.193339
0.073228
0.258542
0.548351
0.548244
0.645061
0.622674
0.405195
0.129658
0.306331
0.233603
0.468853
0.235575
0.146798
0.353242
0.268828
0.274473
0.275537
0.239659
0.277344
0.166087
0.514012
0.304434
0.117940
0.302094
0.178535
0.179180
0.241719
0.268595
0.273600
0.319621
0.318720
0.312945
0.272963
0.113451
0.245967
0.165137
0.557153
0.273438
0.313774
0.196283
0.200800
0.164846
0.176213
0.501953
0.564694
0.214160
0.161024
0.228692
0.204129
0.321208
0.178397
0.198568
0.299805
0.302803
0.210280
0.173568
0.147548
0.148143
0.208135
0.191699
0.316187
0.178585
0.232758
0.156862
0.140564
0.122541
0.232031
0.185781
0.237221
0.385859
0.216862
0.325000
0.257852
0.183562
0.121348
0.406738
0.197542
0.254675
0.248308
0.333282
0.261095
0.264332
0.159530
0.170786
0.219510
0.467525
0.465495
0.242034
0.240929
0.496528
0.577109
0.584048
0.349246
0.552569
0.313080
0.258503
0.261618
0.350423
0.332229
0.330527
0.330020
0.287403
0.246016
0.343159
0.235919
0.379026
0.280516
0.280516
0.323300
0.309028
0.322182
0.333414
0.285120
0.224461
0.247346
0.117909
0.282977
0.355315
0.300445
0.224385
0.243746
0.230350
0.259332
0.262240
0.273098
0.253392
0.259484
0.264114
0.164070
0.161755
0.188457
0.104501
0.263769
0.185271
0.185809
0.235403
0.212267
0.179969
0.258740
0.190161
0.330500
0.325774
0.337554
0.334936
0.196869
0.144275
0.265294
0.308645
0.216968
0.282837
0.285091
0.254170
0.081694
0.225452
0.101617
0.285041
0.253099
0.220336
0.189687
0.302455
0.224789
0.285047
0.093888
0.114670
0.098066
0.160648
0.211907
0.101941
0.124251
0.247878
0.353564
0.316662
0.071024
0.052465
0.303141
0.276594
0.151081
0.183507
0.229013
0.219941
0.185168
0.211716
0.334528
0.401076
0.462713
0.262281
0.243346
0.285116
0.358724
0.365465
0.338949
0.235880
