0.401218
0.241745
0.263556
0.715091
0.310639
0.507802
0.465341
0.418572
0.420637
0.346211
0.469612
0.347095
0.261506
0.508400
0.924108
0.497645
0.559121
0.556208
0.011585
0.403005
0.363837
0.304014
0.696399
0.365255
0.278987
0.326203
0.507324
0.399728
0.330805
0.347934
0.364992
0.390069
0.331940
0.329839
0.333040
0.462225
0.451293
0.423647
0.457360
0.347940
0.406724
0.572856
0.397520
0.356293
0.224660
0.290156
0.270474
0.616732
0.584434
0.349993
0.337860
0.402899
0.380167
0.383525
0.407253
0.305070
0.356985
0.367098
0.186339
0.209158
0.365878
0.382943
0.410832
0.544712
0.391287
0.430545
0.420016
0.381211
0.514964
0.387363
0.529403
0.338751
0.494802
0.270341
0.268555
0.211283
0.265267
0.236760
0.292123
0.300545
0.269680
0.309923
0.211619
0.198874
0.316385
0.390344
0.374795
0.327108
0.357818
0.409780
0.303471
0.355099
0.285896
0.439981
0.879276
0.113345
0.582861
0.400559
0.270900
0.216652
0.229599
0.289428
0.583719
0.610594
0.371271
0.642678
0.427318
0.529777
0.780379
0.400440
0.508327
0.664234
0.798223
0.775482
0.761835
0.744302
0.403401
0.305352
0.251394
0.353124
0.388777
0.563030
0.865843
0.363724
0.440064
0.243502
0.336564
0.412147
0.422385
0.411941
0.224752
0.300378
0.220327
0.250401
0.277185
0.196430
0.430889
0.375079
0.318223
0.169868
0.223203
0.194298
0.282383
0.319437
0.378309
0.184440
0.310014
0.308505
0.712462
0.406099
0.455724
0.595852
0.595852
0.307174
0.324693
0.253827
0.180531
0.217952
0.193410
0.336062
0.420212
0.360815
0.229605
0.223112
0.273552
0.337102
0.521090
0.873992
0.739411
0.766525
0.355609
0.231533
0.525816
0.250618
0.358842
0.378217
0.378564
0.342189
0.241919
0.244104
0.254762
0.197560
0.509976
0.303618
0.000000
0.307023
0.531404
0.409278
0.580964
0.283410
0.387744
0.354117
0.272359
0.247506
0.103405
0.372240
0.482391
0.205271
0.230871
0.165963
0.163096
0.291076
0.197878
