0.218203
0.136973
0.169392
0.309625
0.292701
0.290403
0.398378
0.434462
0.309551
0.152314
0.169568
0.073228
0.177473
0.296003
0.305441
0.645061
0.622674
0.405195
0.217612
0.306331
0.257831
0.345701
0.299137
0.146798
0.410005
0.205053
0.215081
0.212402
0.166362
0.184896
0.166087
0.257006
0.202956
0.200728
0.201396
0.178535
0.179180
0.241719
0.268595
0.311255
0.319621
0.318720
0.318001
0.292512
0.183230
0.163978
0.165137
0.557153
0.273438
0.308897
0.230153
0.233692
0.161927
0.176213
0.329172
0.564694
0.214160
0.161024
0.171519
0.202639
0.214139
0.178397
0.221155
0.222471
0.302803
0.148331
0.194415
0.147548
0.148143
0.211969
0.168650
0.210791
0.175502
0.155172
0.156862
0.140564
0.122541
0.232031
0.185781
0.158148
0.383311
0.162647
0.188482
0.257852
0.209651
0.126253
0.191630
0.197542
0.190325
0.252135
0.289950
0.237674
0.261685
0.159530
0.170786
0.153339
0.467525
0.343857
0.242034
0.240929
0.220966
0.365440
0.237885
0.349246
0.336754
0.321191
0.258503
0.261618
0.239658
0.332229
0.330527
0.262652
0.306417
0.259484
0.231367
0.181316
0.250247
0.176151
0.234868
0.241277
0.248633
0.264432
0.272429
0.282215
0.205243
0.185054
0.321589
0.270161
0.355315
0.316650
0.168048
0.162498
0.151419
0.161128
0.198112
0.205047
0.171387
0.232708
0.217147
0.213018
0.119052
0.128406
0.201946
0.177112
0.154408
0.139445
0.158308
0.152023
0.186624
0.228963
0.213031
0.337157
0.265201
0.349941
0.199596
0.123727
0.162706
0.171519
0.199255
0.192788
0.186459
0.239377
0.244178
0.175864
0.225452
0.225665
0.254605
0.195741
0.220336
0.168128
0.312831
0.224789
0.250511
0.197342
0.260975
0.217721
0.196964
0.221859
0.281470
0.268566
0.247878
0.318751
0.208703
0.257017
0.052465
0.290301
0.205283
0.159418
0.196811
0.271238
0.227665
0.214117
0.224375
0.345593
0.401076
0.286550
0.277317
0.241508
0.244889
0.304166
0.213400
0.290944
0.294122
