0.247348
0.111687
0.125662
0.204015
0.292701
0.193602
0.338724
0.312296
0.217194
0.134887
0.170941
0.172187
0.145777
0.255770
0.361405
0.443883
0.431058
0.336037
0.108036
0.186764
0.146017
0.331884
0.187383
0.119773
0.273337
0.257599
0.258110
0.261209
0.227317
0.250711
0.159824
0.257006
0.256102
0.181259
0.201396
0.226130
0.212333
0.279123
0.329641
0.324371
0.354564
0.356152
0.356668
0.267843
0.169468
0.166437
0.160189
0.355270
0.232977
0.338992
0.210917
0.216976
0.160712
0.127155
0.329172
0.438298
0.214160
0.162353
0.255676
0.231306
0.232087
0.167560
0.214922
0.259209
0.322734
0.183288
0.183723
0.164128
0.139340
0.174901
0.183096
0.187393
0.155860
0.155172
0.156862
0.093709
0.162370
0.154687
0.163900
0.158148
0.319600
0.167475
0.206229
0.237332
0.203537
0.126253
0.188444
0.164508
0.190325
0.176132
0.209009
0.177643
0.189120
0.159530
0.170786
0.114486
0.467525
0.343857
0.242034
0.240929
0.264490
0.345998
0.249237
0.349246
0.349247
0.325350
0.286182
0.278833
0.239658
0.221486
0.330527
0.200315
0.186870
0.259484
0.184571
0.143452
0.181192
0.141362
0.138263
0.232199
0.178628
0.178020
0.188062
0.197990
0.121068
0.107584
0.273737
0.237559
0.324509
0.312721
0.133608
0.107551
0.125803
0.166096
0.150606
0.208403
0.197690
0.167989
0.242061
0.117822
0.090589
0.118685
0.139497
0.179109
0.126352
0.081881
0.152099
0.157076
0.179037
0.239072
0.175712
0.262791
0.239345
0.270395
0.181794
0.136922
0.140210
0.170343
0.181179
0.202462
0.168516
0.188027
0.163053
0.160234
0.155171
0.157742
0.224615
0.194759
0.220336
0.160433
0.288744
0.184883
0.239272
0.180710
0.229179
0.221752
0.196494
0.259587
0.202228
0.178553
0.223584
0.283207
0.224160
0.160195
0.066761
0.288395
0.238071
0.180581
0.211262
0.272585
0.252939
0.239703
0.272365
0.294780
0.340306
0.286550
0.326714
0.228721
0.261764
0.357143
0.213400
0.337109
0.222088
