0.277403
0.187413
0.267339
0.736925
0.479976
0.562713
0.526933
0.612481
0.588895
0.455814
0.475913
0.352397
0.267587
0.576844
0.568469
0.486614
0.467910
0.424574
0.012511
0.356054
0.450994
0.445240
0.605890
0.612111
0.436998
0.465577
0.450270
0.489419
0.423537
0.380958
0.446017
0.280611
0.446036
0.377132
0.310647
0.529365
0.550330
0.577502
0.457492
0.468001
0.568790
0.618564
0.540281
0.485299
0.408829
0.271823
0.264091
0.686793
0.640134
0.326139
0.370984
0.323767
0.385686
0.434877
0.449642
0.311359
0.426379
0.381760
0.225300
0.207930
0.419881
0.453598
0.441142
0.468065
0.451744
0.427626
0.386359
0.531008
0.458553
0.463179
0.560365
0.412943
0.427499
0.436937
0.439856
0.335125
0.368849
0.336872
0.380593
0.394677
0.293868
0.400808
0.264496
0.263122
0.382672
0.569841
0.416328
0.391077
0.430498
0.411987
0.404491
0.401274
0.354712
0.672133
0.801866
0.186004
0.603772
0.505196
0.342327
0.225823
0.272804
0.266912
0.389893
0.664777
0.372557
0.718033
0.419930
0.420304
0.728617
0.571160
0.658903
0.685601
0.756992
0.773428
0.658058
0.623252
0.515008
0.502914
0.482578
0.468686
0.505281
0.576327
0.653960
0.383617
0.562735
0.471419
0.461449
0.481492
0.427291
0.533841
0.324819
0.429211
0.361130
0.374592
0.317734
0.303537
0.333276
0.395417
0.624965
0.192408
0.263763
0.308798
0.320421
0.368417
0.354189
0.271131
0.332243
0.382900
0.699105
0.585289
0.432040
0.544952
0.566209
0.213423
0.320903
0.330008
0.330816
0.361925
0.168695
0.354778
0.381007
0.404221
0.299869
0.325244
0.388687
0.394444
0.485736
0.802951
0.790537
0.745167
0.388084
0.322492
0.594147
0.362587
0.368673
0.355992
0.406180
0.554236
0.333378
0.340726
0.372315
0.268441
0.569745
0.370731
0.000568
0.387074
0.472286
0.515364
0.585634
0.351248
0.430745
0.416635
0.361522
0.297541
0.120969
0.434917
0.500668
0.368323
0.375102
0.142532
0.105385
0.387650
0.171817
