0.595237
0.541804
0.599178
0.629047
0.585342
0.624948
0.683059
0.693772
0.539965
0.603266
0.612290
0.631826
0.611059
0.688258
0.696862
0.645061
0.622674
0.656623
0.626227
0.617711
0.843498
0.605845
0.435436
0.766284
0.609708
0.645708
0.616625
0.585067
0.702153
0.679605
0.606648
0.768831
0.686347
0.604188
0.603659
0.706179
0.659385
0.764663
0.741937
0.755992
0.757787
0.810070
0.756121
0.553903
0.595325
0.611766
0.643505
0.561985
0.684248
0.660210
0.674973
0.677348
0.699872
0.684640
0.690360
0.685718
0.609015
0.697174
0.678603
0.670650
0.678851
0.674246
0.670944
0.677106
0.677106
0.579908
0.500165
0.571068
0.661179
0.666931
0.643110
0.667491
0.465516
0.579156
0.572537
0.574409
0.571126
0.559749
0.583903
0.714716
0.661103
0.650000
0.515703
0.662615
0.466696
0.693108
0.628333
0.659280
0.496617
0.692141
0.597057
0.685459
0.516518
0.511477
0.219510
0.577965
0.465495
0.580865
0.632910
0.557151
0.577109
0.584048
0.508862
0.552569
0.647678
0.637754
0.540993
0.550781
0.717910
0.729798
0.805631
0.658228
0.666932
0.590362
0.638691
0.602832
0.639053
0.639053
0.662586
0.621755
0.559824
0.630655
0.659172
0.695177
0.641489
0.690707
0.619460
0.654317
0.589891
0.631611
0.421063
0.602513
0.611985
0.607770
0.621461
0.630591
0.618386
0.647842
0.677867
0.529186
0.655988
0.640029
0.629004
0.613517
0.604095
0.635382
0.590362
0.534947
0.524864
0.609706
0.628756
0.623046
0.700729
0.664499
0.644847
0.458260
0.613325
0.528451
0.676346
0.642408
0.693040
0.649416
0.622951
0.631042
0.596436
0.715937
0.352861
0.418924
0.422222
0.612288
0.641034
0.626764
0.601036
0.720035
0.625340
0.617472
0.425182
0.739995
0.682095
0.655470
0.812135
0.615032
0.617382
0.535605
0.547747
0.521983
0.347476
0.435383
0.560579
0.411643
0.431730
0.504022
0.499439
0.602715
0.611089
0.527424
0.441048
0.425086
0.563265
0.577168
0.553182
0.323568
