0.436406
0.408066
0.538761
0.523629
0.492461
0.486227
0.519531
0.434462
0.496404
0.519474
0.580016
0.584663
0.517083
0.548351
0.548244
0.645061
0.622674
0.405195
0.152606
0.576031
0.467207
0.843498
0.471149
0.293596
0.706484
0.537656
0.548945
0.551074
0.471137
0.554688
0.498262
0.514012
0.608867
0.545247
0.604188
0.535605
0.537539
0.483438
0.537191
0.547201
0.639241
0.637441
0.588867
0.545926
0.281250
0.491934
0.495410
0.557153
0.546875
0.627548
0.588848
0.602400
0.494539
0.528638
0.501953
0.564694
0.428320
0.483073
0.582764
0.612386
0.642416
0.535191
0.595703
0.599609
0.605605
0.420559
0.520703
0.442645
0.444430
0.566040
0.575097
0.570622
0.526506
0.465516
0.470586
0.281128
0.367622
0.464061
0.371563
0.474443
0.714716
0.595450
0.650000
0.515703
0.537296
0.242695
0.406738
0.353438
0.509351
0.496617
0.666563
0.522191
0.528664
0.288086
0.291455
0.219510
0.467525
0.465495
0.471974
0.481858
0.496528
0.577109
0.584048
0.349246
0.552569
0.595461
0.467578
0.476094
0.550781
0.560234
0.573340
0.610937
0.488613
0.492031
0.583360
0.605730
0.602832
0.561031
0.561031
0.646601
0.618056
0.559824
0.572353
0.558621
0.637221
0.487506
0.690707
0.525269
0.654317
0.576729
0.504928
0.271751
0.533326
0.572327
0.566089
0.584042
0.516270
0.527344
0.473958
0.479994
0.408732
0.461612
0.401172
0.573978
0.555597
0.348633
0.552507
0.432832
0.380859
0.524864
0.494539
0.582500
0.582500
0.700729
0.526914
0.449465
0.228848
0.449668
0.528451
0.579626
0.526400
0.535191
0.555104
0.477942
0.484149
0.473760
0.715937
0.351389
0.321408
0.237500
0.612288
0.517676
0.570093
0.580563
0.720035
0.584480
0.533203
0.335043
0.656250
0.557195
0.564375
0.707695
0.545645
0.617382
0.173492
0.334165
0.410354
0.254253
0.265781
0.395560
0.271426
0.301086
0.394771
0.380978
0.482738
0.462713
0.425871
0.312127
0.317702
0.463097
0.365465
0.429440
0.323568
